1,0,31355,37060,26664,40809,34452,28428,0,0
2,960,31761,36505,17868,49241,34595,28324,0,0
3,1920,32266,35843,10204,56316,34564,28426,0,0
4,2880,32825,35134,4364,61395,34364,28727,0,0
5,3840,33387,34442,876,64020,34011,29198,0,0
6,4800,33902,33829,53,63954,33538,29797,0,0
7,5760,34323,33350,1971,61203,32987,30470,0,0
8,6720,34611,33050,6455,56015,32409,31157,0,0
9,7680,34742,32954,13103,48858,31855,31794,0,0
10,8640,34703,33072,21312,40379,31375,32325,0,0
11,9600,34498,33392,30343,31343,31012,32703,0,0
12,10560,34144,33887,39380,22566,30800,32891,0,0
13,11520,33675,34511,47607,14839,30758,32875,0,0
14,12480,33133,35208,54281,8862,30889,32654,0,0
15,13440,32566,35915,58801,5172,31181,32250,0,0
16,14400,32026,36569,60758,4103,31609,31698,0,0
17,15360,31561,37109,59975,5752,32133,31049,0,0
18,16320,31213,37489,56523,9970,32706,30360,0,0
19,17280,31014,37672,50714,16376,33277,29695,0,0
20,18240,30982,37643,43073,24391,33793,29113,0,0
21,19200,31120,37404,34288,33293,34209,28667,0,0
22,20160,31414,36977,25152,42278,34487,28396,0,0
23,21120,31840,36401,16492,50534,34602,28326,0,0
24,22080,32357,35727,9088,57316,34542,28463,0,0
25,23040,32920,35016,3608,62013,34315,28794,0,0
26,24000,33478,34333,548,64199,33940,29290,0,0
27,24960,33980,33738,184,63678,33450,29906,0,0
28,25920,34381,33287,2548,60497,32892,30585,0,0
29,26880,34645,33019,7427,54943,32313,31268,0,0
30,27840,34747,32959,14381,47517,31768,31892,0,0
31,28800,34680,33112,22782,38890,31305,32400,0,0
32,29760,34448,33464,31871,29840,30966,32748,0,0
33,30720,34073,33984,40829,21185,30781,32903,0,0
34,31680,33589,34624,48845,13705,30768,32852,0,0
35,32640,33039,35327,55198,8076,30927,32599,0,0
36,33600,32473,36030,59313,4806,31244,32167,0,0
37,34560,31942,36668,60819,4190,31691,31595,0,0
38,35520,31494,37185,59580,6284,32226,30935,0,0
39,36480,31169,37533,55707,10899,32803,30246,0,0
40,37440,30997,37682,49551,17618,33368,29591,0,0
41,38400,30993,37617,41667,25835,33871,29028,0,0
42,39360,31158,37345,32767,34807,34266,28608,0,0
43,40320,31477,36890,23654,43726,34518,28370,0,0
44,41280,31921,36294,15151,51785,34604,28335,0,0
45,42240,32449,35609,8025,58258,34516,28506,0,0
46,43200,33015,34898,2920,62560,34262,28867,0,0
47,44160,33567,34226,297,64302,33865,29386,0,0
48,45120,34055,33652,391,63328,33361,30016,0,0
49,46080,34435,33229,3196,59725,32795,30701,0,0
50,47040,34673,32994,8457,53819,32219,31378,0,0
51,48000,34748,32969,15700,46143,31684,31986,0,0
52,48960,34652,33157,24271,37389,31239,32470,0,0
53,49920,34395,33540,33396,28348,30924,32788,0,0
54,50880,33999,34083,42251,19837,30767,32909,0,0
55,51840,33500,34738,50037,12622,30782,32823,0,0
56,52800,32944,35446,56052,7357,30969,32538,0,0
57,53760,32380,36142,59752,4515,31310,32080,0,0
58,54720,31860,36764,60803,4353,31775,31490,0,0
59,55680,31430,37256,59110,6887,32321,30821,0,0
60,56640,31129,37573,54827,11887,32899,30133,0,0
61,57600,30985,37686,48339,18902,33457,29489,0,0
62,58560,31009,37586,40233,27299,33945,28947,0,0
63,59520,31201,37281,31241,36320,34319,28555,0,0
64,60480,31543,36799,22173,45150,34544,28350,0,0
65,61440,32004,36184,13849,52992,34601,28349,0,0
66,62400,32542,35491,7019,59139,34485,28553,0,0
67,63360,33109,34782,2301,63035,34205,28943,0,0
68,64320,33654,34122,121,64329,33787,29485,0,0
69,65280,34127,33570,675,62904,33269,30128,0,0
70,66240,34485,33176,3913,58889,32698,30816,0,0
71,67200,34697,32975,9543,52646,32125,31485,0,0
72,68160,34744,32986,17056,44738,31602,32076,0,0
73,69120,34620,33208,25775,35880,31176,32536,0,0
74,70080,34338,33620,34913,26871,30886,32822,0,0
75,71040,33922,34186,43644,18525,30757,32909,0,0
76,72000,33410,34854,51180,11594,30802,32789,0,0
77,72960,32849,35565,56841,6705,31016,32473,0,0
78,73920,32289,36253,60116,4298,31380,31990,0,0
79,74880,31781,36857,60710,4592,31861,31382,0,0
80,75840,31370,37322,58569,7559,32416,30706,0,0
81,76800,31094,37606,53885,12932,32995,30021,0,0
82,77760,30977,37684,47082,20225,33545,29390,0,0
83,78720,31030,37549,38775,28781,34017,28870,0,0
84,79680,31249,37212,29712,37826,34368,28508,0,0
85,80640,31613,36705,20712,46546,34566,28335,0,0
86,81600,32090,36072,12588,54151,34594,28369,0,0
87,82560,32636,35372,6072,59956,34449,28606,0,0
88,83520,33203,34667,1754,63437,34144,29024,0,0
89,84480,33739,34021,22,64280,33707,29586,0,0
90,85440,34195,33492,1033,62407,33177,30241,0,0
91,86400,34532,33128,4696,57990,32602,30930,0,0
92,87360,34717,32962,10681,51425,32033,31591,0,0
93,88320,34735,33009,18446,43307,31523,32163,0,0
94,89280,34584,33264,27291,34367,31118,32596,0,0
95,90240,34277,33705,36418,25413,30853,32851,0,0
96,91200,33842,34292,45003,17252,30753,32903,0,0
97,92160,33319,34972,52270,10623,30826,32750,0,0
98,93120,32755,35683,57564,6122,31067,32403,0,0
99,94080,32200,36361,60406,4157,31453,31896,0,0
100,95040,31704,36945,60541,4905,31950,31273,0,0
101,96000,31314,37383,57956,8298,32513,30590,0,0
102,96960,31063,37634,52884,14030,33090,29910,0,0
103,97920,30974,37676,45783,21583,33630,29294,0,0
104,98880,31055,37506,37295,30276,34085,28798,0,0
105,99840,31300,37138,28185,39324,34412,28465,0,0
106,100800,31686,36607,19276,47911,34583,28327,0,0
107,101760,32177,35959,11372,55260,34581,28395,0,0
108,102720,32731,35253,5187,60709,34408,28664,0,0
109,103680,33296,34553,1278,63766,34079,29109,0,0
110,104640,33822,33923,0,64154,33624,29691,0,0
111,105600,34261,33419,1466,61840,33083,30355,0,0
112,106560,34574,33086,5545,57031,32505,31044,0,0
113,107520,34732,32955,11869,50162,31943,31694,0,0
114,108480,34721,33037,19866,41852,31447,32247,0,0
115,109440,34543,33326,28816,32853,31063,32652,0,0
116,110400,34212,33794,37909,23976,30824,32874,0,0
117,111360,33760,34401,46325,16023,30753,32892,0,0
118,112320,33226,35090,53305,9711,30855,32705,0,0
119,113280,32660,35800,58217,5611,31122,32329,0,0
120,114240,32112,36466,60620,4092,31530,31798,0,0
121,115200,31631,37029,60296,5292,32041,31161,0,0
122,116160,31261,37438,57273,9102,32609,30475,0,0
123,117120,31036,37656,51826,15179,33184,29802,0,0
124,118080,30976,37663,44446,22973,33713,29202,0,0
125,119040,31085,37458,35798,31782,34149,28730,0,0
126,120000,31355,37060,26664,40809,34452,28428,0,0
127,120960,31761,36505,17868,49241,34595,28324,0,0
128,121920,32266,35843,10205,56316,34564,28426,0,0
129,122880,32825,35134,4365,61395,34364,28727,0,0
130,123840,33387,34442,876,64020,34011,29198,0,0
131,124800,33902,33829,54,63953,33538,29797,0,0
132,125760,34323,33350,1972,61202,32987,30470,0,0
133,126720,34611,33050,6456,56014,32409,31157,0,0
134,127680,34742,32954,13104,48858,31854,31794,0,0
135,128640,34703,33072,21313,40379,31375,32326,0,0
136,129600,34497,33392,30343,31343,31012,32703,0,0
137,130560,34144,33887,39380,22566,30800,32891,0,0
138,131520,33675,34511,47607,14839,30758,32875,0,0
139,132480,33133,35208,54281,8862,30889,32654,0,0
140,133440,32566,35915,58801,5172,31181,32250,0,0
141,134400,32026,36569,60758,4103,31609,31698,0,0
142,135360,31561,37109,59975,5752,32133,31049,0,0
143,136320,31213,37489,56523,9970,32706,30360,0,0
144,137280,31014,37672,50714,16376,33277,29695,0,0
145,138240,30982,37643,43072,24391,33793,29113,0,0
146,139200,31120,37404,34287,33293,34209,28667,0,0
147,140160,31414,36977,25153,42277,34487,28396,0,0
148,141120,31840,36401,16492,50533,34602,28326,0,0
149,142080,32357,35727,9088,57315,34542,28463,0,0
150,143040,32920,35016,3609,62012,34315,28795,0,0
151,144000,33478,34333,549,64198,33940,29290,0,0
152,144960,33980,33738,185,63677,33450,29906,0,0
153,145920,34381,33287,2549,60496,32892,30585,0,0
154,146880,34645,33019,7428,54942,32313,31268,0,0
155,147840,34747,32959,14382,47517,31768,31892,0,0
156,148800,34680,33112,22783,38890,31305,32400,0,0
157,149760,34448,33464,31872,29840,30966,32748,0,0
158,150720,34073,33984,40829,21185,30781,32903,0,0
159,151680,33589,34624,48845,13705,30768,32852,0,0
160,152640,33039,35327,55198,8076,30927,32599,0,0
161,153600,32473,36030,59313,4806,31244,32167,0,0
162,154560,31942,36668,60818,4190,31691,31595,0,0
163,155520,31494,37185,59579,6285,32226,30935,0,0
164,156480,31169,37533,55707,10899,32803,30246,0,0
165,157440,30997,37682,49551,17618,33368,29591,0,0
166,158400,30993,37617,41667,25835,33871,29028,0,0
167,159360,31158,37345,32767,34807,34266,28608,0,0
168,160320,31477,36890,23654,43725,34518,28370,0,0
169,161280,31921,36294,15151,51785,34604,28335,0,0
170,162240,32449,35609,8026,58257,34516,28506,0,0
171,163200,33015,34898,2921,62559,34262,28867,0,0
172,164160,33567,34226,297,64301,33865,29386,0,0
173,165120,34055,33652,392,63327,33361,30016,0,0
174,166080,34435,33229,3197,59724,32795,30701,0,0
175,167040,34673,32994,8458,53818,32219,31378,0,0
176,168000,34748,32970,15701,46142,31684,31986,0,0
177,168960,34652,33157,24271,37388,31239,32470,0,0
178,169920,34395,33540,33396,28348,30924,32788,0,0
179,170880,33999,34083,42251,19836,30767,32909,0,0
180,171840,33500,34739,50037,12622,30783,32823,0,0
181,172800,32944,35446,56052,7356,30969,32538,0,0
182,173760,32380,36142,59751,4515,31310,32080,0,0
183,174720,31860,36764,60802,4354,31775,31490,0,0
184,175680,31430,37256,59110,6887,32321,30821,0,0
185,176640,31129,37573,54827,11888,32899,30133,0,0
186,177600,30985,37686,48339,18903,33457,29489,0,0
187,178560,31010,37586,40233,27299,33945,28947,0,0
188,179520,31202,37281,31241,36320,34319,28555,0,0
189,180480,31543,36799,22173,45149,34544,28350,0,0
190,181440,32004,36184,13849,52991,34601,28349,0,0
191,182400,32542,35491,7020,59138,34485,28553,0,0
192,183360,33109,34782,2302,63034,34205,28943,0,0
193,184320,33654,34122,122,64328,33787,29485,0,0
194,185280,34127,33570,676,62903,33269,30128,0,0
195,186240,34485,33176,3913,58888,32698,30816,0,0
196,187200,34697,32975,9543,52645,32125,31485,0,0
197,188160,34744,32986,17057,44737,31602,32076,0,0
198,189120,34620,33208,25776,35880,31176,32536,0,0
199,190080,34338,33621,34913,26871,30886,32822,0,0
200,191040,33922,34186,43644,18525,30757,32909,0,0
201,192000,33410,34855,51180,11594,30802,32789,0,0
202,192960,32849,35565,56841,6705,31016,32473,0,0
203,193920,32289,36253,60116,4298,31380,31990,0,0
204,194880,31781,36857,60710,4592,31861,31382,0,0
205,195840,31370,37322,58568,7559,32416,30706,0,0
206,196800,31094,37606,53885,12932,32995,30021,0,0
207,197760,30977,37684,47082,20225,33545,29390,0,0
208,198720,31030,37549,38775,28781,34017,28870,0,0
209,199680,34301,43571,29379,37734,31274,22353,65535,0
210,200640,43124,45095,19872,49022,22872,20016,65535,0
211,201600,39618,43433,10220,56527,27061,21056,65535,0
212,202560,34493,38882,3982,59162,32686,25265,65535,0
213,203520,33401,34982,1815,63674,33938,28700,65535,0
214,204480,27762,29370,1984,65535,39682,33998,65535,0
215,205440,20905,22435,106,63297,46798,40888,65535,0
216,206400,16218,15613,1818,62162,51472,47585,65535,0
217,207360,11226,9671,4900,57663,56372,53685,65535,0
218,208320,6217,2827,11235,48003,61082,61053,65535,0
219,209280,3981,0,26061,34023,62425,64857,65535,0
220,210240,5166,580,42443,17735,60179,65535,65535,0
221,211200,8853,4898,56782,5674,55508,62268,65535,0
222,212160,14574,11613,65535,1810,49116,56056,65535,0
223,213120,21343,18899,64033,0,42303,49133,65535,0
224,214080,28090,26081,57143,3455,35854,41910,65535,0
225,215040,34538,32432,52910,14114,29542,34945,65535,0
226,216000,41239,38954,45566,20258,23169,28157,65535,0
227,216960,47684,45478,41365,25126,16857,21464,65535,0
228,217920,52978,51358,39992,30803,11542,15334,65535,0
229,218880,56601,55998,33850,35595,8234,10474,65535,0
230,219840,57611,57886,24995,43143,7764,8069,65535,0
231,220800,55588,56402,16525,51904,10365,8840,65535,0
232,221760,51013,52077,8077,56334,15569,12694,65535,0
233,222720,45150,46213,3196,58884,21860,18182,65535,0
234,223680,39036,39890,4330,63268,28028,23976,65535,0
235,224640,32807,33370,3790,62251,34418,30371,65535,0
236,225600,26661,26753,3481,59287,40711,37009,65535,0
237,226560,20318,19668,6749,57963,46977,43975,65535,0
238,227520,14549,12894,9378,51812,52697,51008,65535,0
239,228480,10021,7310,16933,41963,56839,57169,65535,0
240,229440,7663,4302,31684,29055,58311,61066,65535,0
241,230400,8261,5006,46153,13817,56786,61544,65535,0
242,231360,11866,9229,58448,3913,52328,58206,65535,0
243,232320,17442,15533,65067,1797,46219,52258,65535,0
244,233280,23597,22303,62089,1324,40126,45733,65535,0
245,234240,29983,28898,55312,5915,34038,38993,65535,0
246,235200,36310,35092,51241,16119,27839,32215,65535,0
247,236160,42782,41430,44324,21525,21673,25661,65535,0
248,237120,48901,47738,40718,26415,15657,19176,65535,0
249,238080,53915,53412,38737,32276,10665,13232,65535,0
250,239040,57143,57557,31362,37902,7838,8787,65535,0
251,240000,57600,58752,22150,46216,7955,6996,65535,0
252,240960,55077,56594,13592,54421,11072,8462,65535,0
253,241920,50214,51835,6034,57625,16513,12831,65535,0
254,242880,44268,45838,3235,59455,22758,18502,65535,0
255,243840,38088,39506,6090,61835,28884,24457,65535,0
256,244800,31851,33134,6363,58210,35232,30908,65535,0
257,245760,25642,26621,7995,54749,41464,37482,65535,0
258,246720,19322,19729,11571,52531,47688,44330,65535,0
259,247680,13740,13281,14047,45968,53228,51078,65535,0
260,248640,9544,8136,22011,36964,57004,56748,65535,0
261,249600,7706,5748,35598,25003,58020,59974,65535,0
262,250560,8868,7011,48174,11798,56038,59755,65535,0
263,251520,12902,11542,58603,4742,51261,55902,65535,0
264,252480,18676,17846,62972,4113,45092,49840,65535,0
265,253440,24887,24455,58262,4237,39051,43426,65535,0
266,254400,31291,30887,52354,10166,32891,36743,65535,0
267,255360,37611,36998,48354,19507,26694,30110,65535,0
268,256320,44103,43373,41905,23838,20478,23603,65535,0
269,257280,50060,49593,39370,28814,14559,17196,65535,0
270,258240,54824,55069,36715,34468,9866,11460,65535,0
271,259200,57622,58740,28536,40410,7528,7450,65535,0
272,260160,57546,59269,19691,48976,8166,6285,65535,0
273,261120,54473,56464,11553,55870,11818,8478,65535,0
274,262080,49215,51280,5312,57373,17578,13387,65535,0
275,263040,43120,45149,4886,58480,23825,19244,65535,0
276,264000,36814,38806,8964,58900,30002,25358,65535,0
277,264960,30506,32520,9759,53351,36389,31872,65535,0
278,265920,24179,26028,12728,50029,42657,38416,65535,0
279,266880,17902,19275,15928,47323,48861,45166,65535,0
280,267840,12529,13093,18087,40844,54207,51650,65535,0
281,268800,8707,8379,26326,32787,57586,56831,65535,0
282,269760,7454,6618,38545,21797,58090,59374,65535,0
283,270720,9284,8502,49454,10774,55532,58388,65535,0
284,271680,13837,13407,58133,6521,50336,53958,65535,0
285,272640,19870,19775,60258,7077,44045,47746,65535,0
286,273600,26235,26327,54109,7790,37939,41343,65535,0
287,274560,32727,32664,49128,15038,31630,34649,65535,0
288,275520,39113,38778,44948,23246,25377,28100,65535,0
289,276480,45645,45216,39164,26690,19078,21600,65535,0
290,277440,51445,51363,37672,31582,13253,15270,65535,0
291,278400,55930,56622,34383,36799,8885,9777,65535,0
292,279360,58226,59761,25900,42885,7079,6272,65535,0
293,280320,57544,59606,17767,51166,8289,5792,65535,0
294,281280,53870,56162,10329,56171,12511,8749,65535,0
295,282240,48176,50579,5683,56007,18616,14170,65535,0
296,283200,41879,44317,7705,56577,24914,20195,65535,0
297,284160,35412,37951,12284,55020,31223,26482,65535,0
298,285120,29012,31710,13399,48362,37683,33037,65535,0
299,286080,22540,25175,17206,45650,44047,39577,65535,0
300,287040,16333,18537,19585,42597,50230,46241,65535,0
301,288000,11191,12595,21592,36516,55350,52462,65535,0
302,288960,7792,8327,30090,29289,58281,57148,65535,0
303,289920,7154,7209,40860,19234,58250,58997,65535,0
304,290880,9694,9728,50275,10557,55062,57216,65535,0
305,291840,14807,15027,57206,8976,49405,52202,65535,0
306,292800,21098,21477,57096,10189,42992,45859,65535,0
307,293760,27648,28012,49906,11706,36763,39411,65535,0
308,294720,34253,34294,45743,20098,30286,32685,65535,0
309,295680,40751,40471,41229,26946,23941,26178,65535,0
310,296640,47296,46963,36466,29724,17564,19676,65535,0
311,297600,52925,53033,35931,34410,11853,13437,65535,0
312,298560,57089,58040,32046,39015,7850,8235,65535,0
313,299520,58832,60606,23755,45120,6597,5283,65535,0
314,300480,57482,59742,16377,52640,8441,5548,65535,0
315,301440,53189,55682,9705,55506,13244,9264,65535,0
316,302400,47083,49759,6933,53992,19652,15119,65535,0
317,303360,40565,43374,11167,54209,26035,21289,65535,0
318,304320,33929,36989,15594,50625,32527,27750,65535,0
319,305280,27433,30759,17013,43636,39066,34319,65535,0
320,306240,20818,24151,21246,41644,45548,40874,65535,0
321,307200,14716,17624,22619,38319,51688,47452,65535,0
322,308160,9824,11915,24799,32831,56542,53401,65535,0
323,309120,6908,8129,33368,26363,58975,57562,65535,0
324,310080,6914,7666,42609,17296,58384,58701,65535,0
325,311040,10171,10811,50647,11140,54552,56122,65535,0
326,312000,15842,16496,55764,11844,48440,50559,65535,0
327,312960,22379,23028,53382,13353,41920,44116,65535,0
328,313920,29117,29563,45788,15928,35525,37587,65535,0
329,314880,35828,35812,42372,25127,28893,30831,65535,0
330,315840,42467,42101,37574,30365,22422,24338,65535,0
331,316800,48978,48623,34152,32704,15994,17840,65535,0
332,317760,54414,54601,34287,37047,10437,11717,65535,0
333,318720,58221,59303,29714,41108,6842,6851,65535,0
334,319680,59384,61272,21990,47117,6144,4486,65535,0
335,320640,57316,59679,15323,53460,8677,5546,65535,0
336,321600,52397,55040,9556,54081,14063,9994,65535,0
337,322560,45937,48840,8770,51716,20704,16182,65535,0
338,323520,39199,42355,14807,51450,27199,22487,65535,0
339,324480,32398,35958,18667,45894,33894,29109,65535,0
340,325440,25789,29699,20728,39335,40508,35673,65535,0
341,326400,19065,23019,24918,37953,47104,42252,65535,0
342,327360,13098,16599,25218,34513,53174,48735,65535,0
343,328320,8493,11127,27649,29816,57721,54394,65535,0
344,329280,6107,7870,35954,23905,59629,58000,65535,0
345,330240,6802,8079,43728,16006,58428,58400,65535,0
346,331200,10755,11834,50584,12462,53960,55031,65535,0
347,332160,16937,17863,53850,14984,47444,48996,65535,0
348,333120,23712,24474,49253,16488,40821,42476,65535,0
349,334080,30629,31017,41935,20403,34226,35837,65535,0
350,335040,37428,37255,39148,29807,27464,29077,65535,0
351,336000,44219,43684,34224,33401,20846,22573,65535,0
352,336960,50652,50208,32268,35542,14405,16088,65535,0
353,337920,55878,56066,32603,39498,9050,10111,65535,0
354,338880,59276,60415,27377,43020,5913,5628,65535,0
355,339840,59839,61752,20483,48884,5775,3886,65535,0
356,340800,57030,59444,14530,53592,9019,5764,65535,0
357,341760,51486,54260,9880,52057,14971,10904,65535,0
358,342720,44735,47846,11149,49395,21780,17322,65535,0
359,343680,37785,41280,18481,48370,28408,23763,65535,0
360,344640,30835,34884,21710,41057,35297,30518,65535,0
361,345600,24091,28553,24536,35454,42000,37079,65535,0
362,346560,17316,21819,28089,34538,48688,43674,65535,0
363,347520,11515,15505,27338,31155,54656,50050,65535,0
364,348480,7227,10297,30190,27321,58851,55389,65535,0
365,349440,5401,7590,37821,21939,60232,58421,65535,0
366,350400,6833,8504,44437,15363,58351,58037,65535,0
367,351360,11467,12847,50278,14376,53252,53903,65535,0
368,352320,18082,19163,51567,18089,46420,47500,65535,0
369,353280,25085,25851,45034,19499,39687,40912,65535,0
370,354240,32172,32403,38534,25009,32867,34143,65535,0
371,355200,39049,38651,36056,34002,26006,27405,65535,0
372,356160,45984,45230,31165,36144,19239,20866,65535,0
373,357120,52304,51725,30651,38302,12822,14408,65535,0
374,358080,57292,57444,30862,41632,7718,8612,65535,0
375,359040,60229,61371,25200,44815,5079,4565,65535,0
376,360000,60153,62056,19336,50241,5528,3489,65535,0
377,360960,56613,59053,14092,52974,9473,6190,65535,0
378,361920,50477,53379,10785,49591,15944,11946,65535,0
379,362880,43470,46797,14206,46991,22878,18522,65535,0
380,363840,36327,40170,22078,44898,29668,25103,65535,0
381,364800,29258,33779,24654,36307,36719,31950,65535,0
382,365760,22357,27332,28162,32101,43540,38517,65535,0
383,366720,15596,20574,30591,31440,50285,45117,65535,0
384,367680,9983,14374,29108,28276,56107,51365,65535,0
385,368640,6050,9464,32541,25235,59903,56354,65535,0
386,369600,4798,7336,39292,20258,60753,58795,65535,0
387,370560,7002,8972,44961,15278,58146,57590,65535,0
388,371520,12310,13879,49761,16717,52425,52725,65535,0
389,372480,19271,20422,49052,20994,45366,46059,65535,0
390,373440,26487,27176,40947,22559,38515,39395,65535,0
391,374400,33733,33730,35543,29755,31463,32497,65535,0
392,375360,40703,40027,32845,37723,24521,25788,65535,0
393,376320,47743,46737,28372,38728,17620,19209,65535,0
394,377280,53921,53186,29248,40910,11260,12794,65535,0
395,378240,58638,58740,29165,43470,6452,7216,65535,0
396,379200,61074,62191,23512,46364,4324,3652,65535,0
397,380160,60300,62188,18603,51119,5424,3293,65535,0
398,381120,56049,58518,13980,51693,10055,6806,65535,0
399,382080,49392,52426,12206,46880,16961,13076,65535,0
400,383040,42151,45708,17744,44615,24000,19758,65535,0
401,384000,34828,39034,25422,41026,30986,26499,65535,0
402,384960,27673,32648,27448,31878,38159,33383,65535,0
403,385920,20605,26053,31448,29224,45120,39976,65535,0
404,386880,13912,19301,32511,28599,51883,46567,65535,0
405,387840,8505,13230,30770,25759,57510,52665,65535,0
406,388800,4974,8662,34792,23447,60859,57268,65535,0
407,389760,4324,7148,40469,18870,61162,59083,65535,0
408,390720,7302,9496,45301,15781,57818,57044,65535,0
409,391680,13267,14935,48938,19384,51500,51499,65535,0
410,392640,20511,21658,46165,23689,44283,44657,65535,0
411,393600,27921,28463,37043,25732,37299,37906,65535,0
412,394560,35306,35013,32726,34478,30037,30894,65535,0
413,395520,42394,41401,29565,40981,23003,24208,65535,0
414,396480,49480,48211,26014,41190,15996,17593,65535,0
415,397440,55490,54602,28146,43262,9729,11243,65535,0
416,398400,59906,59949,27485,45051,5264,5925,65535,0
417,399360,61816,62892,22262,47696,3646,2872,65535,0
418,400320,60290,62161,18097,51507,5467,3290,65535,0
419,401280,55338,57847,14080,49850,10775,7596,65535,0
420,402240,48251,51420,14056,44207,18008,14254,65535,0
421,403200,40793,44588,21486,42240,25149,21024,65535,0
422,404160,33298,37881,28384,36889,32361,27931,65535,0
423,405120,26071,31485,30233,27905,39618,34813,65535,0
424,406080,18846,24733,34463,26694,46723,41448,65535,0
425,407040,12262,18014,34076,25908,53467,48018,65535,0
426,408000,7089,12079,32363,23705,58855,53938,65535,0
427,408960,4005,7916,36746,21866,61724,58111,65535,0
428,409920,4012,7049,41264,17893,61431,59254,65535,0
429,410880,7743,10089,45392,16907,57362,56383,65535,0
430,411840,14315,16010,47697,22272,50509,50237,65535,0
431,412800,21804,22874,42799,26255,43177,43283,65535,0
432,413760,29391,29723,33400,29172,36030,36424,65535,0
433,414720,36878,36264,30123,38999,28597,29337,65535,0
434,415680,44113,42789,26451,43694,21446,22657,65535,0
435,416640,51184,49660,24220,43470,14371,16016,65535,0
436,417600,57008,55973,27170,45369,8242,9753,65535,0
437,418560,61086,61073,25780,46400,4168,4733,65535,0
438,419520,62445,63462,21237,48910,3069,2227,65535,0
439,420480,60136,61988,17686,51397,5650,3466,65535,0
440,421440,54488,57057,14323,47632,11627,8530,65535,0
441,422400,47063,50369,16193,41784,19085,15457,65535,0
442,423360,39405,43449,25220,39756,26328,22317,65535,0
443,424320,31750,36726,31008,32510,33774,29383,65535,0
444,425280,24439,30281,33185,24437,41097,36244,65535,0
445,426240,17098,23389,37150,24387,48338,42926,65535,0
446,427200,10656,16721,35296,23430,55029,49460,65535,0
447,428160,5743,10939,33854,22028,60133,55169,65535,0
448,429120,3139,7226,38158,20598,62519,58877,65535,0
449,430080,3870,7053,41712,17370,61548,59290,65535,0
450,431040,8333,10768,45339,18564,56763,55599,65535,0
451,432000,15425,17101,46117,25138,49476,48962,65535,0
452,432960,23133,24081,39190,28486,42050,41943,65535,0
453,433920,30889,30967,30261,32874,34700,34936,65535,0
454,434880,38445,37499,27754,43101,27148,27828,65535,0
455,435840,45846,44194,23621,45926,19857,21125,65535,0
456,436800,52845,51084,22944,45619,12757,14472,65535,0
457,437760,58470,57305,26204,47203,6810,8323,65535,0
458,438720,62166,62103,24060,47586,3174,3645,65535,0
459,439680,62931,63891,20443,49899,2623,1736,65535,0
460,440640,59840,61682,17433,50734,5968,3813,65535,0
461,441600,53523,56175,14828,45174,12579,9573,65535,0
462,442560,45827,49282,18798,39598,20182,16677,65535,0
463,443520,37988,42299,28774,37113,27549,23633,65535,0
464,444480,30199,35570,33396,28111,35206,30838,65535,0
465,445440,22775,29030,36177,21556,42606,37674,65535,0
466,446400,15378,22031,39291,22250,49957,44404,65535,0
467,447360,9104,15423,36107,21270,56561,50882,65535,0
468,448320,4478,9830,35300,20711,61333,56344,65535,0
469,449280,2379,6603,39146,19558,63231,59559,65535,0
470,450240,3886,7167,41975,17283,61514,59186,65535,0
471,451200,9069,11545,45301,20606,56015,54691,65535,0
472,452160,16581,18204,44272,27685,48414,47699,65535,0
473,453120,24489,25284,35540,30602,40897,40616,65535,0
474,454080,32411,32193,27598,36841,33315,33447,65535,0
475,455040,40027,38736,25323,46719,25688,26354,65535,0
476,456000,47585,45609,21004,47840,18248,19608,65535,0
477,456960,54472,52485,21960,47743,11159,12953,65535,0
478,457920,59875,58607,25199,48672,5440,6950,65535,0
479,458880,63148,63036,22584,48639,2266,2661,65535,0
480,459840,63251,64176,19977,50560,2326,1409,65535,0
481,460800,59400,61249,17250,49547,6428,4323,65535,0
482,461760,52472,55223,15788,42526,13591,10697,65535,0
483,462720,44544,48172,21867,37592,21297,17905,65535,0
484,463680,36536,41135,32020,34134,28825,24988,65535,0
485,464640,28650,34413,35592,23896,36648,32280,65535,0
486,465600,21079,27732,39045,19202,44155,39111,65535,0
487,466560,13691,20667,40829,20264,51581,45878,65535,0
488,467520,7597,14130,36787,19382,58055,52279,65535,0
489,468480,3294,8764,36782,19638,62447,57459,65535,0
490,469440,1735,6076,39917,18594,63840,60144,65535,0
491,470400,4041,7391,42181,17659,61343,58940,65535,0
492,471360,9939,12407,45120,22888,55139,53682,65535,0
493,472320,17780,19322,42068,29986,47330,46441,65535,0
494,473280,25874,26479,31918,32853,39713,39286,65535,0
495,474240,33950,33399,25237,41031,31894,31958,65535,0
496,475200,41640,39994,22670,49808,24209,24900,65535,0
497,476160,49317,47025,18689,49653,16627,18099,65535,0
498,477120,56061,53867,21261,49745,9582,11461,65535,0
499,478080,61218,59869,24182,49847,4134,5637,65535,0
500,479040,64038,63882,21568,49485,1422,1776,65535,0
501,480000,63404,64320,19758,50853,2184,1248,65535,0
502,480960,58810,60684,17075,47906,7042,4996,65535,0
503,481920,51360,54220,17127,40005,14641,11861,65535,0
504,482880,43220,47041,25215,35763,22436,19140,65535,0
505,483840,35049,39962,34859,30756,30163,26382,65535,0
506,484800,27099,33250,37691,20040,38097,33701,65535,0
507,485760,19366,26395,41671,17287,45737,40553,65535,0
508,486720,12044,19304,41876,18368,53195,47342,65535,0
509,487680,6144,12850,37483,17783,59494,53641,65535,0
510,488640,2209,7763,38267,18717,63461,58499,65535,0
511,489600,1244,5670,40479,17850,64305,60593,65535,0
512,490560,4343,7734,42465,18468,61017,58546,65535,0
513,491520,10925,13343,44670,25370,54160,52586,65535,0
514,492480,19029,20461,39533,31946,46216,45187,65535,0
515,493440,27287,27672,28595,35240,38481,37949,65535,0
516,494400,35486,34591,23143,45145,30460,30491,65535,0
517,495360,43274,41275,20004,52313,22711,23468,65535,0
518,496320,51001,48424,16936,51306,15019,16616,65535,0
519,497280,57573,55221,20912,51427,8061,10021,65535,0
520,498240,62451,61060,23155,50691,2941,4419,65535,0
521,499200,64783,64607,20883,50189,705,1020,65535,0
522,500160,63365,64299,19604,50797,2233,1272,65535,0
523,501120,58043,59968,16902,46064,7836,5829,65535,0
524,502080,50183,53171,18796,37760,15736,13049,65535,0
525,503040,41869,45891,28493,34056,23606,20384,65535,0
526,504000,33556,38789,37071,27311,31547,27780,65535,0
527,504960,25570,32075,39648,16943,39533,35076,65535,0
528,505920,17697,25052,43884,15850,47299,41964,65535,0
529,506880,10497,17980,42473,16650,54736,48756,65535,0
530,507840,4821,11620,38133,16668,60804,54918,65535,0
531,508800,1294,6884,39466,17990,64319,59406,65535,0
532,509760,996,5443,40809,17364,64538,60851,65535,0
533,510720,4848,8235,42842,19573,60477,57977,65535,0
534,511680,12022,14365,44001,27574,53083,51427,65535,0
535,512640,20327,21618,36806,33518,45064,43946,65535,0
536,513600,28714,28859,25771,37766,37204,36607,65535,0
537,514560,36972,35756,21453,48740,29050,29088,65535,0
538,515520,44864,42565,17743,53916,21231,22096,65535,0
539,516480,52561,49776,15991,52578,13488,15210,65535,0
540,517440,58936,56502,20830,52686,6675,8684,65535,0
541,518400,63493,62125,22154,51251,1941,3344,65535,0
542,519360,65298,65145,20366,50832,213,450,65535,0
543,520320,63100,64081,19254,50473,2526,1509,65535,0
544,521280,57090,59109,16745,44164,8818,6806,65535,0
545,522240,48949,52060,20456,36230,16891,14241,65535,0
546,523200,40509,44728,31328,32602,24815,21622,65535,0
547,524160,32097,37638,38676,24000,32934,29147,65535,0
548,525120,24091,30900,41497,14696,40925,36385,65535,0
549,526080,16141,23742,45476,14903,48787,43305,65535,0
550,527040,9110,16722,42594,15358,56144,50074,65535,0
551,528000,3690,10491,38682,16023,61923,56061,65535,0
552,528960,604,6167,40250,17463,64973,60141,65535,0
553,529920,1025,5422,41043,17131,64493,60888,65535,0
554,530880,5582,8915,43292,20838,59700,57222,65535,0
555,531840,13217,15450,43028,29543,51925,50226,65535,0
556,532800,21654,22795,34207,34566,43874,42726,65535,0
557,533760,30128,30039,23734,40154,35890,35282,65535,0
558,534720,38380,36893,20249,51500,27690,27776,65535,0
559,535680,46362,43835,16078,54800,19808,20798,65535,0
560,536640,53953,51054,15793,53436,12079,13906,65535,0
561,537600,60109,57682,20877,53445,5475,7483,65535,0
562,538560,64304,63028,21193,51588,1174,2444,65535,0
563,539520,65535,65456,19915,51381,0,106,65535,0
564,540480,62598,63655,18658,50029,3076,1954,65535,0
565,541440,55982,58119,16622,42533,9956,7890,65535,0
566,542400,47660,50907,22158,35136,18098,15442,65535,0
567,543360,39152,43563,33608,31348,26056,22847,65535,0
568,544320,30702,36512,39774,21198,34288,30452,65535,0
569,545280,22685,29736,43059,13368,42261,37614,65535,0
570,546240,14737,22494,46337,14332,50164,44558,65535,0
571,547200,7914,15549,42246,14575,57387,51270,65535,0
572,548160,2785,9497,39134,15799,62818,57042,65535,0
573,549120,170,5638,40732,17090,65385,60683,65535,0
574,550080,1324,5618,41350,17064,64169,60704,65535,0
575,551040,6530,9769,43813,22065,58700,56300,65535,0
576,552000,14484,16593,41993,30918,50698,49014,65535,0
577,552960,22991,23982,31930,35302,42654,41520,65535,0
578,553920,31503,31197,22494,42273,34565,33998,65535,0
579,554880,39702,38006,19448,53315,26391,26559,65535,0
580,555840,47740,45067,15009,55007,18469,19588,65535,0
581,556800,55166,52240,16106,53986,10821,12715,65535,0
582,557760,61076,58746,20972,53748,4483,6428,65535,0
583,558720,64871,63745,20401,51796,645,1733,65535,0
584,559680,65480,65535,19539,51789,79,0,65535,0
585,560640,61863,63038,17964,49410,3870,2600,65535,0
586,561600,54755,57025,16677,41165,11205,9054,65535,0
587,562560,46337,49727,23852,34512,19341,16633,65535,0
588,563520,37809,42405,35345,30156,27317,24060,65535,0
589,564480,29389,35421,40389,18998,35589,31677,65535,0
590,565440,21369,28586,44164,12938,43534,38761,65535,0
591,566400,13503,21316,46407,14191,51420,45710,65535,0
592,567360,6915,14473,41575,14249,58449,52337,65535,0
593,568320,2110,8655,39557,15830,63479,57855,65535,0
594,569280,0,5315,41121,16733,65535,61023,65535,0
595,570240,1862,6023,41896,17113,63585,60308,65535,0
596,571200,7654,10763,44368,23253,57518,55247,65535,0
597,572160,15799,17784,41043,31724,49416,47799,65535,0
598,573120,24319,25169,30102,35759,41415,40336,65535,0
599,574080,32824,32324,21890,44127,33255,32764,65535,0
600,575040,40945,39096,18834,54302,25161,25428,65535,0
601,576000,48987,46244,14484,54760,17230,18466,65535,0
602,576960,56203,53336,16795,54212,9720,11636,65535,0
603,577920,61836,59690,21096,53652,3699,5521,65535,0
604,578880,65203,64276,19847,51921,342,1209,65535,0
605,579840,65156,65395,19180,52082,432,113,65535,0
606,580800,60921,62242,17225,48743,4878,3422,65535,0
607,581760,53443,55865,16978,40011,12524,10267,65535,0
608,582720,44998,48532,25443,34306,20606,17807,65535,0
609,583680,36492,41259,36487,29040,28587,25255,65535,0
610,584640,28163,34361,40565,17502,36829,32817,65535,0
611,585600,20151,27459,44753,13154,44740,39837,65535,0
612,586560,12432,20211,45837,14403,52549,46765,65535,0
613,587520,6097,13498,40814,14286,59332,53279,65535,0
614,588480,1653,7967,40019,15999,63917,58508,65535,0
615,589440,77,5202,41536,16343,65429,61162,65535,0
616,590400,2609,6614,42643,17205,62776,59727,65535,0
617,591360,8907,11865,44901,24249,56205,54103,65535,0
618,592320,17144,19004,40146,32100,48101,46587,65535,0
619,593280,25630,26347,28711,36007,40165,39175,65535,0
620,594240,34083,33418,21690,45683,31984,31587,65535,0
621,595200,42116,40165,18383,54607,23995,24369,65535,0
622,596160,50104,47363,14462,54237,16092,17422,65535,0
623,597120,57077,54348,17785,54115,8765,10663,65535,0
624,598080,62406,60507,21234,53300,3108,4756,65535,0
625,599040,65317,64629,19496,51988,248,862,65535,0
626,600000,64607,65059,18763,52304,1019,421,65535,0
627,600960,59811,61295,16451,48083,6060,4390,65535,0
628,601920,52081,54660,17434,39198,13885,11496,65535,0
629,602880,43663,47331,26860,34382,21879,18965,65535,0
630,603840,35213,40131,37040,28092,29858,26421,65535,0
631,604800,27014,33328,40428,16653,38010,33883,65535,0
632,605760,19023,26360,44944,13839,45879,40850,65535,0
633,606720,11502,19179,44886,14792,53558,47736,65535,0
634,607680,5437,12619,40123,14579,60049,54109,65535,0
635,608640,1385,7431,40518,16202,64159,59013,65535,0
636,609600,376,5282,41976,15967,65096,61113,65535,0
637,610560,3528,7361,43483,17385,61784,58991,65535,0
638,611520,10246,13045,45275,25047,54815,52899,65535,0
639,612480,18502,20235,39206,32209,46774,45387,65535,0
640,613440,26921,27510,27665,36206,38914,38033,65535,0
641,614400,35277,34479,21794,46884,30758,30467,65535,0
642,615360,43226,41220,18126,54306,22879,23369,65535,0
643,616320,51101,48425,14927,53545,15044,16446,65535,0
644,617280,57811,55283,18967,53769,7942,9782,65535,0
645,618240,62812,61202,21299,52810,2690,4120,65535,0
646,619200,65241,64818,19216,52080,343,672,65535,0
647,620160,63880,64554,18214,52458,1796,899,65535,0
648,621120,58576,60234,15689,47428,7368,5468,65535,0
649,622080,50700,53428,17898,38741,15266,12724,65535,0
650,623040,42344,46137,28070,34538,23149,20109,65535,0
651,624000,33974,39027,37118,27233,31117,27555,65535,0
652,624960,25924,32311,40188,16366,39138,34890,65535,0
653,625920,17977,25290,44840,14801,46954,41813,65535,0
654,626880,10688,18211,43737,15234,54462,48640,65535,0
655,627840,4912,11826,39549,15048,60621,54841,65535,0
656,628800,1279,7038,40974,16347,64238,59382,65535,0
657,629760,865,5530,42419,15647,64569,60897,65535,0
658,630720,4586,8233,44328,17689,60651,58122,65535,0
659,631680,11633,14272,45426,25753,53390,51656,65535,0
660,632640,19859,21462,38214,32091,45453,44206,65535,0
661,633600,28190,28653,26895,36536,37668,36900,65535,0
662,634560,36412,35510,22135,47757,29578,29401,65535,0
663,635520,44284,42266,18108,53559,21800,22413,65535,0
664,636480,51998,49440,15817,52723,14073,15525,65535,0
665,637440,58432,56151,20172,53284,7231,8979,65535,0
666,638400,63081,61784,21218,52328,2421,3593,65535,0
667,639360,65005,64853,18874,52279,606,623,65535,0
668,640320,63014,63907,17517,52534,2723,1520,65535,0
669,641280,57257,59095,14993,46767,8758,6622,65535,0
670,642240,49318,52180,18332,38637,16649,13941,65535,0
671,643200,41046,44955,29077,34788,24410,21236,65535,0
672,644160,32775,37953,36930,26336,32353,28665,65535,0
673,645120,24872,31306,40013,16453,40223,35858,65535,0
674,646080,16997,24250,44524,15868,47973,42740,65535,0
675,647040,9965,17294,42503,15764,55278,49488,65535,0
676,648000,4496,11110,39112,15629,61073,55491,65535,0
677,648960,1307,6773,41351,16428,64185,59632,65535,0
678,649920,1506,5922,42874,15359,63887,60539,65535,0
679,650880,5749,9208,45128,18099,59413,57146,65535,0
680,651840,13042,15518,45315,26383,51959,50401,65535,0
681,652800,21203,22683,37198,31758,44145,43049,65535,0
682,653760,29434,29779,26464,36951,36425,35777,65535,0
683,654720,37497,36517,22622,48343,28440,28381,65535,0
684,655680,45303,43305,18262,52575,20750,21480,65535,0
685,656640,52817,50414,16960,51872,13164,14645,65535,0
686,657600,58968,56959,21236,52730,6617,8238,65535,0
687,658560,63238,62264,20948,51922,2278,3159,65535,0
688,659520,64634,64746,18437,52606,1012,701,65535,0
689,660480,62044,63144,16721,52542,3763,2259,65535,0
690,661440,55887,57905,14443,46096,10191,7826,65535,0
691,662400,47943,50933,18847,38680,18019,15147,65535,0
692,663360,39770,43788,29931,35036,25658,22348,65535,0
693,664320,31612,36902,36631,25489,33558,29747,65535,0
694,665280,23841,30303,39939,16804,41280,36803,65535,0
695,666240,16073,23238,44018,16870,48948,43645,65535,0
696,667200,9312,16418,41203,16310,56026,50295,65535,0
697,668160,4169,10466,38803,16244,61426,56068,65535,0
698,669120,1446,6620,41648,16460,64025,59779,65535,0
699,670080,2263,6435,43381,15099,63082,60061,65535,0
700,671040,6989,10265,45887,18594,58100,56084,65535,0
701,672000,14449,16768,45039,26909,50541,49149,65535,0
702,672960,22528,23890,36158,31395,42859,41907,65535,0
703,673920,30654,30890,26350,37400,35187,34667,65535,0
704,674880,38548,37512,23155,48628,27334,27395,65535,0
705,675840,46295,44339,18496,51482,19723,20561,65535,0
706,676800,53581,51352,18179,51171,12308,13790,65535,0
707,677760,59441,57716,22040,52174,6083,7547,65535,0
708,678720,63306,62648,20511,51617,2236,2810,65535,0
709,679680,64151,64516,17950,52957,1536,898,65535,0
710,680640,60995,62290,15899,52444,4887,3094,65535,0
711,681600,54493,56685,14125,45426,11634,9060,65535,0
712,682560,46582,49697,19572,38772,19363,16337,65535,0
713,683520,38510,42643,30730,35047,26893,23457,65535,0
714,684480,30483,35873,36248,24692,34735,30805,65535,0
715,685440,22820,29293,39894,17438,42324,37733,65535,0
716,686400,15195,22247,43286,17806,49890,44534,65535,0
717,687360,8713,15577,39928,16836,56718,51071,65535,0
718,688320,3911,9892,38701,16817,61696,56581,65535,0
719,689280,1676,6568,41946,16391,63772,59834,65535,0
720,690240,3107,7052,43967,14914,62183,59478,65535,0
721,691200,8280,11382,46580,19150,56739,54959,65535,0
722,692160,15839,18016,44723,27236,49143,47915,65535,0
723,693120,23829,25080,35163,31072,41594,40778,65535,0
724,694080,31852,31975,26454,38092,33958,33563,65535,0
725,695040,39583,38504,23535,48681,26253,26430,65535,0
726,696000,47268,45368,18750,50388,18714,19648,65535,0
727,696960,54305,52261,19383,50611,11493,12951,65535,0
728,697920,59865,58429,22589,51654,5616,6895,65535,0
729,698880,63298,62939,20028,51485,2274,2538,65535,0
730,699840,63567,64176,17475,53279,2162,1202,65535,0
731,700800,59881,61363,15138,52185,6071,4011,65535,0
732,701760,53094,55450,14063,44730,13066,10309,65535,0
733,702720,45237,48478,20491,38930,20676,17507,65535,0
734,703680,37266,41514,31388,34822,28121,24568,65535,0
735,704640,29384,34863,35814,23945,35884,31841,65535,0
736,705600,21803,28272,39819,18242,43367,38661,65535,0
737,706560,14354,21273,42339,18659,50809,45413,65535,0
738,707520,8155,14765,38770,17331,57361,51820,65535,0
739,708480,3713,9386,38845,17251,61889,57038,65535,0
740,709440,1985,6617,42352,16144,63430,59805,65535,0
741,710400,4020,7758,44645,14825,61209,58800,65535,0
742,711360,9605,12539,47167,19799,55349,53789,65535,0
743,712320,17207,19258,44331,27406,47772,46699,65535,0
744,713280,25109,26254,34154,30802,40352,39661,65535,0
745,714240,33031,33038,26627,38958,32744,32466,65535,0
746,715200,40617,39498,23650,48605,25191,25472,65535,0
747,716160,48223,46388,19015,49429,17723,18733,65535,0
748,717120,54998,53150,20547,50134,10712,12127,65535,0
749,718080,60243,59101,22937,51133,5208,6284,65535,0
750,719040,63222,63145,19589,51461,2380,2340,65535,0
751,720000,62895,63737,17006,53589,2877,1604,65535,0
752,720960,58715,60374,14456,51763,7305,5002,65535,0
753,721920,51704,54214,14194,44057,14475,11558,65535,0
754,722880,43913,47275,21558,39137,21960,18656,65535,0
755,723840,36038,40400,31807,34389,29348,25680,65535,0
756,724800,28311,33864,35340,23344,37009,32854,65535,0
757,725760,20786,27241,39737,19137,44410,39593,65535,0
758,726720,13541,20317,41317,19333,51703,46287,65535,0
759,727680,7627,13985,37876,17757,57956,52543,65535,0
760,728640,3571,8948,39254,17554,62008,57440,65535,0
761,729600,2370,6767,42856,15767,63006,59689,65535,0
762,730560,4988,8542,45372,14823,60175,58040,65535,0
763,731520,10952,13721,47563,20526,53950,52588,65535,0
764,732480,18555,20488,43732,27474,46434,45502,65535,0
765,733440,26373,27405,33116,30775,39128,38548,65535,0
766,734400,34190,34081,26807,39949,31550,31381,65535,0
767,735360,41657,40503,23578,48361,24134,24517,65535,0
768,736320,49157,47399,19403,48598,16746,17817,65535,0
769,737280,55662,54017,21698,49778,9961,11314,65535,0
770,738240,60579,59726,23095,50655,4855,5714,65535,0
771,739200,63083,63270,19213,51500,2545,2216,65535,0
772,740160,62149,63207,16511,53854,3670,2098,65535,0
773,741120,57506,59328,13828,51214,8578,6058,65535,0
774,742080,50335,52983,14443,43501,15857,12793,65535,0
775,743040,42611,46086,22669,39420,23218,19787,65535,0
776,744000,34823,39302,32026,33705,30573,26796,65535,0
777,744960,27251,32871,34980,22883,38114,33851,65535,0
778,745920,19770,26202,39707,20032,45448,40532,65535,0
779,746880,12752,19381,40299,19793,52573,47160,65535,0
780,747840,7127,13236,37305,18100,58502,53243,65535,0
781,748800,3484,8584,39853,17705,62059,57781,65535,0
782,749760,2833,7013,43382,15372,62500,59480,65535,0
783,750720,6006,9393,46081,14978,59090,57204,65535,0
784,751680,12305,14918,47743,21315,52557,51368,65535,0
785,752640,19884,21701,42866,27509,45132,44324,65535,0
786,753600,27621,28539,32171,30930,37914,37437,65535,0
787,754560,35323,35105,27053,40989,30378,30309,65535,0
788,755520,42705,41523,23430,47920,23074,23561,65535,65535
789,756480,50065,48398,19983,47897,15782,16902,65535,65535
790,757440,56296,54863,22782,49466,9246,10517,65535,65535
791,758400,60871,60296,22995,50267,4564,5192,65535,65535
792,759360,62879,63309,18813,51684,2779,2164,65535,65535
793,760320,61338,62591,15947,54036,4533,2680,65535,65535
794,761280,56262,58235,13268,50557,9883,7166,65535,65535
795,762240,48990,51763,14794,43083,17207,14008,65535,65535
796,763200,41332,44915,23854,39598,24448,20909,65535,65535
797,764160,33651,38192,30410,34113,31818,27877,65535,65535
798,765120,32861,35319,30410,34202,32678,30617,65535,65535
799,766080,32861,35319,30410,34202,32678,30617,65535,65535
800,767040,32861,35319,30410,34202,32678,30617,65535,65535
801,768000,32861,35319,30410,34202,32678,30617,65535,65535
802,768960,32861,35319,30410,34202,32678,30617,65535,65535
803,769920,32861,35319,30410,34202,32678,30617,65535,65535
804,770880,32861,35319,30410,34202,32678,30617,65535,65535
805,771840,32861,35319,30410,34202,32678,30617,65535,65535
806,772800,32861,35319,30410,34202,32678,30617,65535,65535
807,773760,32861,35319,30410,34202,32678,30617,65535,65535
808,774720,32861,35319,30410,34202,32678,30617,65535,65535
809,775680,32861,35319,30410,34202,32678,30617,65535,65535
810,776640,32861,35319,30410,34202,32678,30617,65535,65535
811,777600,32861,35319,30410,34203,32678,30617,65535,65535
812,778560,32861,35319,30410,34203,32678,30617,65535,65535
813,779520,32861,35319,30410,34203,32678,30617,65535,65535
814,780480,32861,35319,30410,34203,32678,30617,65535,65535
815,781440,32861,35319,30410,34203,32678,30617,65535,65535
816,782400,32861,35319,30410,34203,32678,30617,65535,65535
817,783360,32861,35319,30410,34203,32678,30617,65535,65535
818,784320,32861,35319,30410,34203,32678,30617,65535,65535
819,785280,32861,35319,30410,34202,32678,30617,65535,65535
820,786240,32861,35319,30410,34202,32678,30617,65535,65535
821,787200,32861,35319,30410,34202,32678,30617,65535,65535
822,788160,32861,35319,30410,34202,32678,30617,65535,65535
823,789120,32861,35319,30410,34202,32678,30617,65535,65535
824,790080,32861,35319,30410,34202,32678,30617,65535,65535
825,791040,32861,35319,30409,34202,32678,30617,65535,65535
826,792000,32861,35319,30410,34202,32678,30617,65535,65535
827,792960,32861,35319,30410,34202,32678,30617,65535,65535
828,793920,32861,35319,30410,34202,32678,30617,65535,65535
829,794880,32861,35319,30410,34202,32678,30617,65535,65535
830,795840,32861,35319,30410,34202,32678,30617,65535,65535
831,796800,32861,35319,30410,34202,32678,30617,65535,65535
832,797760,32861,35319,30410,34203,32678,30617,65535,65535
833,798720,32861,35319,30410,34203,32678,30617,65535,65535
834,799680,32861,35319,30410,34203,32678,30617,65535,65535
835,800640,32861,35319,30410,34203,32678,30617,65535,65535
836,801600,32861,35319,30410,34203,32678,30617,65535,65535
837,802560,32861,35319,30410,34203,32678,30617,65535,65535
838,803520,32861,35319,30410,34203,32678,30617,65535,65535
839,804480,32861,35319,30410,34203,32678,30617,65535,65535
840,805440,32861,35319,30410,34202,32678,30617,65535,65535
841,806400,32861,35319,30410,34202,32678,30617,65535,65535
842,807360,32861,35319,30410,34202,32678,30617,65535,65535
843,808320,32861,35319,30410,34202,32678,30617,65535,65535
844,809280,32861,35319,30410,34202,32678,30617,65535,65535
845,810240,32861,35319,30410,34202,32678,30617,65535,65535
846,811200,32861,35319,30409,34202,32678,30617,65535,65535
847,812160,32861,35319,30410,34202,32678,30617,65535,65535
848,813120,32861,35319,30410,34202,32678,30617,65535,65535
849,814080,32861,35319,30410,34202,32678,30617,65535,65535
850,815040,32861,35319,30410,34202,32678,30617,65535,65535
851,816000,32861,35319,30410,34202,32678,30617,65535,65535
852,816960,32861,35319,30410,34202,32678,30617,65535,65535
853,817920,32861,35319,30410,34203,32678,30617,65535,65535
854,818880,32861,35319,30410,34203,32678,30617,65535,65535
855,819840,32861,35319,30410,34203,32678,30617,65535,65535
856,820800,32861,35319,30410,34203,32678,30617,65535,65535
857,821760,32861,35319,30410,34203,32678,30617,65535,65535
858,822720,32861,35319,30410,34203,32678,30617,65535,65535
859,823680,32861,35319,30410,34203,32678,30617,65535,65535
860,824640,32861,35319,30410,34203,32678,30617,65535,65535
861,825600,32861,35319,30410,34202,32678,30617,65535,65535
862,826560,32861,35319,30410,34202,32678,30617,65535,65535
863,827520,32861,35319,30410,34202,32678,30617,65535,65535
864,828480,32861,35319,30410,34202,32678,30617,65535,65535
865,829440,32861,35319,30410,34202,32678,30617,65535,65535
866,830400,32861,35319,30410,34202,32678,30617,65535,65535
867,831360,32861,35319,30409,34202,32678,30617,65535,65535
868,832320,32861,35319,30410,34202,32678,30617,65535,65535
869,833280,32861,35319,30410,34202,32678,30617,65535,65535
870,834240,32861,35319,30410,34202,32678,30617,65535,65535
871,835200,32861,35319,30410,34202,32678,30617,65535,65535
872,836160,32861,35319,30410,34202,32678,30617,65535,65535
873,837120,32861,35319,30410,34202,32678,30617,65535,65535
874,838080,32861,35319,30410,34203,32678,30617,65535,65535
875,839040,32861,35319,30410,34203,32678,30617,65535,65535
876,840000,32861,35319,30410,34203,32678,30617,65535,65535
877,840960,32861,35319,30410,34203,32678,30617,65535,65535
878,841920,32861,35319,30410,34203,32678,30617,65535,65535
879,842880,32861,35319,30410,34203,32678,30617,65535,65535
880,843840,32861,35319,30410,34203,32678,30617,65535,65535
881,844800,32861,35319,30410,34203,32678,30617,65535,65535
882,845760,32861,35319,30410,34202,32678,30617,65535,65535
883,846720,32861,35319,30410,34202,32678,30617,65535,65535
884,847680,32861,35319,30410,34202,32678,30617,65535,65535
885,848640,32861,35319,30410,34202,32678,30617,65535,65535
886,849600,32861,35319,30410,34202,32678,30617,65535,65535
887,850560,32861,35319,30409,34202,32678,30617,65535,65535
888,851520,32861,35319,30409,34202,32678,30617,65535,65535
889,852480,32861,35319,30410,34202,32678,30617,65535,65535
890,853440,32861,35319,30410,34202,32678,30617,65535,65535
891,854400,32861,35319,30410,34202,32678,30617,65535,65535
892,855360,32861,35319,30410,34202,32678,30617,65535,65535
893,856320,32861,35319,30410,34202,32678,30617,65535,65535
894,857280,32861,35319,30410,34202,32678,30617,65535,65535
895,858240,32861,35319,30410,34203,32678,30617,65535,65535
896,859200,32861,35319,30410,34203,32678,30617,65535,65535
897,860160,32861,35319,30410,34203,32678,30617,65535,65535
898,861120,32861,35319,30410,34203,32678,30617,65535,65535
899,862080,32861,35319,30410,34203,32678,30617,65535,65535
900,863040,32861,35319,30410,34203,32678,30617,65535,65535
901,864000,32861,35319,30410,34203,32678,30617,65535,65535
902,864960,32861,35319,30410,34202,32678,30617,65535,65535
903,865920,32861,35319,30410,34202,32678,30617,65535,65535
904,866880,32861,35319,30410,34202,32678,30617,65535,65535
905,867840,32861,35319,30410,34202,32678,30617,65535,65535
906,868800,32861,35319,30410,34202,32678,30617,65535,65535
907,869760,32861,35319,30410,34202,32678,30617,65535,65535
908,870720,32861,35319,30409,34202,32678,30617,65535,65535
909,871680,32861,35319,30409,34202,32678,30617,65535,65535
910,872640,32861,35319,30410,34202,32678,30617,65535,65535
911,873600,32861,35319,30410,34202,32678,30617,65535,65535
912,874560,32861,35319,30410,34202,32678,30617,65535,65535
913,875520,32861,35319,30410,34202,32678,30617,65535,65535
914,876480,32861,35319,30410,34202,32678,30617,65535,65535
915,877440,32861,35319,30410,34202,32678,30617,65535,65535
916,878400,32861,35319,30410,34203,32678,30617,65535,65535
917,879360,32861,35319,30410,34203,32678,30617,65535,65535
918,880320,32861,35319,30410,34203,32678,30617,65535,65535
919,881280,32861,35319,30410,34203,32678,30617,65535,65535
920,882240,32861,35319,30410,34203,32678,30617,65535,65535
921,883200,32861,35319,30410,34203,32678,30617,65535,65535
922,884160,32861,35319,30410,34203,32678,30617,65535,65535
923,885120,32861,35319,30410,34202,32678,30617,65535,65535
924,886080,32861,35319,30410,34202,32678,30617,65535,65535
925,887040,32861,35319,30410,34202,32678,30617,65535,65535
926,888000,32861,35319,30410,34202,32678,30617,65535,65535
927,888960,32861,35319,30410,34202,32678,30617,65535,65535
928,889920,32861,35319,30410,34202,32678,30617,65535,65535
929,890880,32861,35319,30409,34202,32678,30617,65535,65535
930,891840,32861,35319,30409,34202,32678,30617,65535,65535
931,892800,32861,35319,30410,34202,32678,30617,65535,65535
932,893760,32861,35319,30410,34202,32678,30617,65535,65535
933,894720,32861,35319,30410,34202,32678,30617,65535,65535
934,895680,32861,35319,30410,34202,32678,30617,65535,65535
935,896640,32861,35319,30410,34202,32678,30617,65535,65535
936,897600,32861,35319,30410,34203,32678,30617,65535,65535
937,898560,32861,35319,30410,34203,32678,30617,65535,65535
938,899520,32861,35319,30410,34203,32678,30617,65535,65535
939,900480,32861,35319,30410,34203,32678,30617,65535,65535
940,901440,32861,35319,30410,34203,32678,30617,65535,65535
941,902400,32861,35319,30410,34203,32678,30617,65535,65535
942,903360,32861,35319,30410,34203,32678,30617,65535,65535
943,904320,32861,35319,30410,34203,32678,30617,65535,65535
944,905280,32861,35319,30410,34202,32678,30617,65535,65535
945,906240,32861,35319,30410,34202,32678,30617,65535,65535
946,907200,32861,35319,30410,34202,32678,30617,65535,65535
947,908160,32861,35319,30410,34202,32678,30617,65535,65535
948,909120,32861,35319,30410,34202,32678,30617,65535,65535
949,910080,32861,35319,30410,34202,32678,30617,65535,65535
950,911040,32861,35319,30409,34202,32678,30617,65535,65535
951,912000,32861,35319,30410,34202,32678,30617,65535,65535
952,912960,32861,35319,30410,34202,32678,30617,65535,65535
953,913920,32861,35319,30410,34202,32678,30617,65535,65535
954,914880,32861,35319,30410,34202,32678,30617,65535,65535
955,915840,32861,35319,30410,34202,32678,30617,65535,65535
956,916800,32861,35319,30410,34202,32678,30617,65535,65535
957,917760,32861,35319,30410,34203,32678,30617,65535,65535
958,918720,32861,35319,30410,34203,32678,30617,65535,65535
959,919680,32861,35319,30410,34203,32678,30617,65535,65535
960,920640,32861,35319,30410,34203,32678,30617,65535,65535
961,921600,32861,35319,30410,34203,32678,30617,65535,65535
962,922560,32861,35319,30410,34203,32678,30617,65535,65535
963,923520,32861,35319,30410,34203,32678,30617,65535,65535
964,924480,32861,35319,30410,34203,32678,30617,65535,65535
965,925440,32861,35319,30410,34202,32678,30617,65535,65535
966,926400,32861,35319,30410,34202,32678,30617,65535,65535
967,927360,32861,35319,30410,34202,32678,30617,65535,65535
968,928320,32861,35319,30410,34202,32678,30617,65535,65535
969,929280,32861,35319,30410,34202,32678,30617,65535,65535
970,930240,32861,35319,30410,34202,32678,30617,65535,65535
971,931200,32861,35319,30409,34202,32678,30617,65535,65535
972,932160,32861,35319,30410,34202,32678,30617,65535,65535
973,933120,32861,35319,30410,34202,32678,30617,65535,65535
974,934080,32861,35319,30410,34202,32678,30617,65535,65535
975,935040,32861,35319,30410,34202,32678,30617,65535,65535
976,936000,32861,35319,30410,34202,32678,30617,65535,65535
977,936960,32861,35319,30410,34202,32678,30617,65535,65535
978,937920,32861,35319,30410,34203,32678,30617,65535,65535
979,938880,32861,35319,30410,34203,32678,30617,65535,65535
980,939840,32861,35319,30410,34203,32678,30617,65535,65535
981,940800,32861,35319,30410,34203,32678,30617,65535,65535
982,941760,32861,35319,30410,34203,32678,30617,65535,65535
983,942720,32861,35319,30410,34203,32678,30617,65535,65535
984,943680,32861,35319,30410,34203,32678,30617,65535,65535
985,944640,32861,35319,30410,34203,32678,30617,65535,65535
986,945600,32861,35319,30410,34202,32678,30617,65535,65535
987,946560,32861,35319,30410,34202,32678,30617,65535,65535
988,947520,32861,35319,30410,34202,32678,30617,65535,65535
989,948480,32861,35319,30410,34202,32678,30617,65535,65535
990,949440,32861,35319,30410,34202,32678,30617,65535,65535
991,950400,32861,35319,30410,34202,32678,30617,65535,65535
992,951360,32861,35319,30409,34202,32678,30617,65535,65535
993,952320,32861,35319,30410,34202,32678,30617,65535,65535
994,953280,32861,35319,30410,34202,32678,30617,65535,65535
995,954240,32861,35319,30410,34202,32678,30617,65535,65535
996,955200,32861,35319,30410,34202,32678,30617,65535,65535
997,956160,32861,35319,30410,34202,32678,30617,65535,65535
998,957120,32861,35319,30410,34202,32678,30617,65535,65535
999,958080,32861,35319,30410,34203,32678,30617,65535,65535
1000,959040,32861,35319,30410,34203,32678,30617,65535,65535
1001,960000,32861,35319,30410,34203,32678,30617,65535,65535
1002,960960,32861,35319,30410,34203,32678,30617,65535,65535
1003,961920,32861,35319,30410,34203,32678,30617,65535,65535
1004,962880,32861,35319,30410,34203,32678,30617,65535,65535
1005,963840,32861,35319,30410,34203,32678,30617,65535,65535
1006,964800,32861,35319,30410,34203,32678,30617,65535,65535
1007,965760,32861,35319,30410,34202,32678,30617,65535,65535
1008,966720,32861,35319,30410,34202,32678,30617,65535,65535
1009,967680,32861,35319,30410,34202,32678,30617,65535,65535
1010,968640,32861,35319,30410,34202,32678,30617,65535,65535
1011,969600,32861,35319,30410,34202,32678,30617,65535,65535
1012,970560,32861,35319,30410,34202,32678,30617,65535,65535
1013,971520,32861,35319,30409,34202,32678,30617,65535,65535
1014,972480,32861,35319,30410,34202,32678,30617,65535,65535
1015,973440,32861,35319,30410,34202,32678,30617,65535,65535
1016,974400,32861,35319,30410,34202,32678,30617,65535,65535
1017,975360,32861,35319,30410,34202,32678,30617,65535,65535
1018,976320,32861,35319,30410,34202,32678,30617,65535,65535
1019,977280,32861,35319,30410,34202,32678,30617,65535,65535
1020,978240,32861,35319,30410,34203,32678,30617,65535,65535
1021,979200,32861,35319,30410,34203,32678,30617,65535,65535
1022,980160,32861,35319,30410,34203,32678,30617,65535,65535
1023,981120,32861,35319,30410,34203,32678,30617,65535,65535
1024,982080,32861,35319,30410,34203,32678,30617,65535,65535
1025,983040,32861,35319,30410,34203,32678,30617,65535,65535
1026,984000,32861,35319,30410,34203,32678,30617,65535,65535
1027,984960,32861,35319,30410,34203,32678,30617,65535,65535
1028,985920,32861,35319,30410,34202,32678,30617,65535,65535
1029,986880,32861,35319,30410,34202,32678,30617,65535,65535
1030,987840,32861,35319,30410,34202,32678,30617,65535,65535
1031,988800,32861,35319,30410,34202,32678,30617,65535,65535
1032,989760,32861,35319,30410,34202,32678,30617,65535,65535
1033,990720,32861,35319,30410,34202,32678,30617,65535,65535
1034,991680,32861,35319,30410,34202,32678,30617,65535,65535
1035,992640,32861,35319,30410,34202,32678,30617,65535,65535
1036,993600,32861,35319,30410,34202,32678,30617,65535,65535
1037,994560,32861,35319,30410,34202,32678,30617,65535,65535
1038,995520,32861,35319,30410,34202,32678,30617,65535,65535
1039,996480,32861,35319,30410,34202,32678,30617,65535,65535
1040,997440,32861,35319,30410,34202,32678,30617,65535,65535
1041,998400,32861,35319,30410,34203,32678,30617,65535,65535
1042,999360,32861,35319,30410,34203,32678,30617,65535,65535
