1,0,35275,40694,8224,58666,31402,23126,0,0
2,960,35944,39963,4198,61988,31050,23560,0,0
3,1920,36577,39294,2583,62791,30546,24143,0,0
4,2880,37116,38745,3525,61002,29935,24822,0,0
5,3840,37514,38368,6940,56784,29272,25537,0,0
6,4800,37733,38196,12519,50517,28617,26222,0,0
7,5760,37754,38245,19758,42766,28029,26816,0,0
8,6720,37575,38510,28003,34232,27562,27264,0,0
9,7680,37213,38967,36512,25684,27256,27528,0,0
10,8640,36699,39576,44514,17895,27141,27583,0,0
11,9600,36082,40280,51289,11567,27226,27423,0,0
12,10560,35415,41017,56225,7272,27503,27064,0,0
13,11520,34759,41720,58875,5397,27948,26537,0,0
14,12480,34175,42326,59001,6112,28521,25891,0,0
15,13440,33713,42780,56591,9353,29170,25183,0,0
16,14400,33416,43040,51864,14825,29835,24478,0,0
17,15360,33312,43084,45244,22037,30458,23839,0,0
18,16320,33408,42907,37331,30336,30982,23324,0,0
19,17280,33697,42526,28839,38973,31359,22980,0,0
20,18240,34152,41975,20534,47169,31556,22836,0,0
21,19200,34733,41303,13165,54184,31555,22907,0,0
22,20160,35386,40571,7398,59385,31355,23186,0,0
23,21120,36054,39846,3754,62301,30976,23648,0,0
24,22080,36675,39192,2562,62671,30450,24251,0,0
25,23040,37194,38669,3929,60460,29827,24941,0,0
26,24000,37563,38325,7731,55868,29161,25655,0,0
27,24960,37750,38189,13626,49310,28513,26329,0,0
28,25920,37738,38274,21081,41378,27942,26902,0,0
29,26880,37527,38574,29424,32787,27499,27322,0,0
30,27840,37137,39059,37901,24313,27223,27552,0,0
31,28800,36602,39688,45747,16721,27141,27571,0,0
32,29760,35972,40403,52254,10697,27259,27376,0,0
33,30720,35303,41139,56834,6784,27567,26986,0,0
34,31680,34656,41830,59074,5335,28036,26436,0,0
35,32640,34088,42414,58772,6482,28626,25776,0,0
36,33600,33651,42837,55955,10121,29281,25064,0,0
37,34560,33385,43063,50877,15922,29944,24366,0,0
38,35520,33314,43070,43997,23364,30554,23744,0,0
39,36480,33443,42857,35936,31773,31056,23254,0,0
40,37440,33762,42445,27421,40390,31405,22941,0,0
41,38400,34241,41870,19221,48439,31570,22833,0,0
42,39360,34838,41183,12077,55192,31535,22940,0,0
43,40320,35498,40448,6632,60039,31304,23252,0,0
44,41280,36162,39730,3380,62544,30897,23740,0,0
45,42240,36770,39095,2613,62479,30352,24362,0,0
46,43200,37267,38599,4400,59851,29717,25060,0,0
47,44160,37608,38287,8580,54898,29050,25771,0,0
48,45120,37762,38188,14777,48065,28411,26433,0,0
49,46080,37716,38310,22430,39971,27858,26984,0,0
50,47040,37473,38643,30848,31345,27440,27375,0,0
51,48000,37056,39156,39273,22966,27196,27570,0,0
52,48960,36503,39803,46942,15591,27147,27553,0,0
53,49920,35862,40526,53165,9886,27298,27324,0,0
54,50880,35192,41259,57378,6365,27635,26905,0,0
55,51840,34554,41936,59203,5346,28128,26332,0,0
56,52800,34005,42497,58473,6922,28732,25659,0,0
57,53760,33594,42890,55256,10949,29393,24945,0,0
58,54720,33359,43080,49841,17065,30051,24255,0,0
59,55680,33321,43049,42717,24717,30646,23651,0,0
60,56640,33484,42802,34528,33215,31126,23189,0,0
61,57600,33832,42359,26012,41792,31446,22908,0,0
62,58560,34334,41761,17938,49672,31578,22836,0,0
63,59520,34945,41062,11036,56146,31510,22978,0,0
64,60480,35610,40325,5928,60628,31247,23322,0,0
65,61440,36269,39617,3075,62714,30815,23836,0,0
66,62400,36862,39001,2735,62215,30251,24474,0,0
67,63360,37335,38533,4938,59178,29607,25179,0,0
68,64320,37647,38255,9486,53875,28940,25887,0,0
69,65280,37768,38193,15969,46785,28311,26534,0,0
70,66240,37689,38351,23800,38549,27778,27061,0,0
71,67200,37415,38717,32273,29910,27387,27421,0,0
72,68160,36972,39256,40623,21648,27174,27582,0,0
73,69120,36400,39920,48097,14509,27158,27529,0,0
74,70080,35751,40649,54019,9137,27342,27267,0,0
75,71040,35082,41377,57855,6016,27707,26819,0,0
76,72000,34455,42039,59259,5430,28222,26226,0,0
77,72960,33925,42575,58105,7430,28839,25541,0,0
78,73920,33542,42936,54495,11837,29504,24827,0,0
79,74880,33339,43090,48756,18251,30156,24147,0,0
80,75840,33335,43023,41407,26096,30735,23563,0,0
81,76800,33530,42741,33110,34661,31191,23128,0,0
82,77760,33906,42269,24615,43174,31482,22882,0,0
83,78720,34430,41650,16688,50867,31580,22845,0,0
84,79680,35054,40940,10045,57045,31479,23022,0,0
85,80640,35722,40204,5286,61150,31186,23397,0,0
86,81600,36374,39506,2840,62812,30729,23935,0,0
87,82560,36950,38911,2928,61881,30148,24589,0,0
88,83520,37400,38472,5542,58440,29495,25299,0,0
89,84480,37681,38229,10446,52802,28831,26001,0,0
90,85440,37769,38204,17198,45473,28214,26631,0,0
91,86400,37656,38399,25188,37116,27701,27134,0,0
92,87360,37352,38796,33694,28486,27338,27463,0,0
93,88320,36885,39359,41949,20361,27157,27588,0,0
94,89280,36296,40038,49208,13475,27175,27499,0,0
95,90240,35639,40772,54815,8450,27391,27204,0,0
96,91200,34973,41494,58264,5738,27784,26729,0,0
97,92160,34358,42139,59245,5586,28319,26116,0,0
98,93120,33850,42648,57667,8006,28949,25422,0,0
99,94080,33495,42977,53674,12780,29615,24709,0,0
100,95040,33324,43094,47627,19477,30259,24041,0,0
101,96000,33354,42990,40070,27493,30821,23479,0,0
102,96960,33580,42674,31687,36104,31252,23073,0,0
103,97920,33984,42175,23234,44533,31512,22861,0,0
104,98880,34528,41537,15474,52019,31577,22860,0,0
105,99840,35164,40818,9107,57885,31443,23071,0,0
106,100800,35833,40083,4709,61603,31120,23476,0,0
107,101760,36477,39398,2676,62837,30639,24038,0,0
108,102720,37035,38826,3192,61476,30042,24705,0,0
109,103680,37459,38417,6210,57642,29384,25418,0,0
110,104640,37709,38210,11458,51681,28723,26112,0,0
111,105600,37764,38221,18462,44132,28120,26725,0,0
112,106560,37618,38451,26590,35676,27629,27202,0,0
113,107520,37285,38879,35108,27076,27295,27498,0,0
114,108480,36794,39466,43247,19109,27146,27588,0,0
115,109440,36190,40159,50273,12494,27198,27464,0,0
116,110400,35527,40895,55551,7828,27445,27136,0,0
117,111360,34865,41608,58605,5532,27864,26635,0,0
118,112320,34265,42234,59158,5814,28419,26005,0,0
119,113280,33779,42717,57162,8647,29059,25303,0,0
120,114240,33453,43011,52797,13777,29726,24593,0,0
121,115200,33315,43092,46455,20740,30360,23939,0,0
122,116160,33378,42952,38711,28908,30903,23400,0,0
123,117120,33636,42603,30262,37543,31308,23024,0,0
124,118080,34066,42076,21872,45866,31537,22845,0,0
125,119040,34629,41421,14299,53125,31569,22881,0,0
126,120000,35275,40694,8224,58666,31402,23126,0,0
127,120960,35944,39963,4198,61988,31050,23560,0,0
128,121920,36577,39294,2583,62790,30546,24143,0,0
129,122880,37116,38745,3526,61002,29935,24822,0,0
130,123840,37514,38368,6940,56784,29272,25537,0,0
131,124800,37733,38196,12519,50516,28617,26222,0,0
132,125760,37754,38245,19758,42766,28029,26816,0,0
133,126720,37575,38510,28003,34232,27562,27264,0,0
134,127680,37213,38967,36512,25684,27256,27528,0,0
135,128640,36699,39576,44514,17895,27141,27583,0,0
136,129600,36082,40280,51289,11567,27226,27423,0,0
137,130560,35415,41017,56224,7272,27503,27064,0,0
138,131520,34759,41721,58875,5398,27949,26537,0,0
139,132480,34175,42326,59001,6113,28521,25891,0,0
140,133440,33713,42780,56591,9353,29170,25183,0,0
141,134400,33416,43040,51863,14826,29835,24478,0,0
142,135360,33312,43084,45244,22037,30458,23840,0,0
143,136320,33408,42907,37331,30336,30982,23324,0,0
144,137280,33697,42526,28839,38973,31359,22980,0,0
145,138240,34152,41975,20534,47169,31556,22836,0,0
146,139200,34733,41303,13165,54184,31555,22907,0,0
147,140160,35386,40571,7399,59384,31355,23186,0,0
148,141120,36054,39846,3755,62301,30976,23648,0,0
149,142080,36675,39192,2562,62671,30450,24251,0,0
150,143040,37194,38669,3929,60460,29827,24941,0,0
151,144000,37563,38325,7731,55868,29161,25655,0,0
152,144960,37750,38189,13626,49310,28513,26329,0,0
153,145920,37738,38274,21081,41378,27942,26902,0,0
154,146880,37527,38574,29424,32787,27499,27322,0,0
155,147840,37137,39059,37901,24313,27223,27552,0,0
156,148800,36602,39688,45747,16722,27141,27571,0,0
157,149760,35972,40403,52253,10697,27259,27376,0,0
158,150720,35303,41139,56834,6785,27567,26986,0,0
159,151680,34656,41830,59074,5336,28036,26436,0,0
160,152640,34088,42414,58772,6483,28626,25776,0,0
161,153600,33651,42837,55955,10121,29281,25064,0,0
162,154560,33385,43063,50877,15923,29944,24366,0,0
163,155520,33314,43070,43997,23364,30554,23744,0,0
164,156480,33443,42857,35936,31773,31056,23254,0,0
165,157440,33762,42445,27421,40390,31405,22941,0,0
166,158400,34241,41870,19221,48439,31570,22833,0,0
167,159360,34838,41183,12077,55191,31535,22940,0,0
168,160320,35498,40448,6632,60039,31304,23252,0,0
169,161280,36162,39730,3380,62543,30897,23740,0,0
170,162240,36770,39095,2613,62479,30352,24362,0,0
171,163200,37267,38599,4400,59851,29717,25060,0,0
172,164160,37608,38287,8581,54898,29050,25771,0,0
173,165120,37762,38188,14777,48065,28411,26433,0,0
174,166080,37716,38310,22430,39971,27858,26984,0,0
175,167040,37473,38643,30848,31345,27440,27374,0,0
176,168000,37056,39156,39273,22967,27196,27570,0,0
177,168960,36503,39803,46942,15592,27147,27553,0,0
178,169920,35862,40526,53164,9887,27298,27324,0,0
179,170880,35192,41259,57378,6366,27635,26905,0,0
180,171840,34554,41936,59202,5347,28128,26332,0,0
181,172800,34005,42497,58473,6922,28732,25659,0,0
182,173760,33594,42890,55255,10950,29393,24945,0,0
183,174720,33359,43079,49840,17066,30051,24255,0,0
184,175680,33321,43049,42717,24718,30646,23651,0,0
185,176640,33484,42802,34527,33216,31126,23189,0,0
186,177600,33832,42359,26012,41792,31446,22908,0,0
187,178560,34334,41761,17938,49672,31578,22836,0,0
188,179520,34945,41062,11036,56146,31510,22978,0,0
189,180480,35610,40325,5928,60628,31247,23322,0,0
190,181440,36269,39617,3075,62714,30815,23836,0,0
191,182400,36862,39001,2735,62215,30251,24474,0,0
192,183360,37335,38533,4938,59177,29607,25179,0,0
193,184320,37647,38255,9487,53874,28940,25887,0,0
194,185280,37768,38193,15969,46785,28311,26534,0,0
195,186240,37689,38351,23800,38549,27778,27061,0,0
196,187200,37415,38717,32273,29910,27387,27421,0,0
197,188160,36972,39256,40623,21648,27174,27582,0,0
198,189120,36400,39920,48097,14509,27158,27529,0,0
199,190080,35751,40649,54019,9137,27342,27267,0,0
200,191040,35082,41377,57855,6017,27707,26819,0,0
201,192000,34455,42039,59259,5430,28222,26226,0,0
202,192960,33925,42575,58104,7430,28839,25541,0,0
203,193920,33542,42936,54495,11837,29504,24827,0,0
204,194880,33339,43090,48756,18252,30156,24147,0,0
205,195840,33335,43023,41407,26096,30735,23563,0,0
206,196800,33530,42741,33110,34661,31191,23128,0,0
207,197760,33906,42269,24615,43174,31481,22882,0,0
208,198720,34430,41650,16688,50867,31580,22845,0,0
209,199680,33126,39850,10150,56838,33391,24096,65535,0
210,200640,31263,36363,5352,60231,35622,27195,65535,0
211,201600,26866,31613,3214,63656,40169,31516,65535,0
212,202560,20992,25361,1512,65535,46153,37420,65535,0
213,203520,15258,18701,0,64932,51983,43925,65535,0
214,204480,9102,11552,1576,62322,57991,51070,65535,0
215,205440,3393,4774,7415,54518,63219,58285,65535,0
216,206400,77,479,20021,40600,65535,63598,65535,0
217,207360,0,0,37034,22812,64280,65535,65535,0
218,208320,3533,3657,52944,8049,59514,63211,65535,0
219,209280,10207,10558,64261,2067,51981,57017,65535,0
220,210240,18223,18531,65535,0,43897,49460,65535,0
221,211200,26358,26228,57910,1762,36392,41853,65535,0
222,212160,34388,33196,52545,13109,28814,34162,65535,0
223,213120,42357,39780,44934,22103,21473,27036,65535,0
224,214080,50310,46492,38596,26965,14048,20129,65535,0
225,215040,57114,52715,37850,32410,7330,13647,65535,0
226,216000,62246,58113,34879,35578,2450,8153,65535,0
227,216960,64576,61275,28294,39810,646,4738,65535,0
228,217920,63359,61128,22089,46870,2344,4296,65535,0
229,218880,58869,57807,14889,51869,7380,7103,65535,0
230,219840,52297,52378,8857,54065,14397,12183,65535,0
231,220800,45176,46089,7260,58979,21615,17871,65535,0
232,221760,37870,39385,6759,62067,28931,24114,65535,0
233,222720,30651,32513,3861,60304,36348,30921,65535,0
234,223680,23195,25104,5368,60229,43657,38108,65535,0
235,224640,16019,17652,7684,56443,50623,45643,65535,0
236,225600,10000,11143,12888,47231,56210,52715,65535,0
237,226560,6112,6879,26144,34692,59044,57884,65535,0
238,227520,5524,6346,41622,18760,58418,59718,65535,0
239,228480,8656,9812,55002,5734,54251,57437,65535,0
240,229440,14661,16067,63933,1495,47570,51725,65535,0
241,230400,21875,23249,63880,1317,40390,44778,65535,0
242,231360,29433,30295,56143,4227,33468,37708,65535,0
243,232320,37064,36835,50810,14977,26285,30480,65535,0
244,233280,44695,43211,44073,22970,19212,23639,65535,0
245,234240,52290,49765,38720,27403,12066,16921,65535,0
246,235200,58740,55839,37727,32686,5720,10597,65535,0
247,236160,63377,60825,33644,36716,1421,5430,65535,0
248,237120,65061,63281,26157,42314,330,2587,65535,0
249,238080,63220,62351,19251,49688,2705,2878,65535,0
250,239040,58236,58368,12179,53859,8223,6394,65535,0
251,240000,51419,52582,7726,55316,15361,11882,65535,0
252,240960,44185,46177,8425,58833,22511,17799,65535,0
253,241920,36803,39533,8788,58744,29835,24246,65535,0
254,242880,29518,32799,7882,55560,37163,31036,65535,0
255,243840,21979,25554,10644,54570,44455,38140,65535,0
256,244800,14963,18457,12850,49830,51270,45410,65535,0
257,245760,9280,12407,18404,41205,56495,51988,65535,0
258,246720,5945,8745,31021,29901,58829,56472,65535,0
259,247680,6033,8826,44270,15920,57704,57550,65535,0
260,248640,9791,12687,55546,5985,53078,54629,65535,0
261,249600,16157,18987,62206,3987,46216,48688,65535,0
262,250560,23442,25967,60089,4333,39126,41894,65535,0
263,251520,31044,32806,52731,8278,32130,34939,65535,0
264,252480,38646,39210,48227,18679,24911,27872,65535,0
265,253440,46319,45645,41826,24877,17770,21122,65535,0
266,254400,53762,52184,37862,29008,10667,14443,65535,0
267,255360,59955,58153,36901,34130,4574,8234,65535,0
268,256320,64181,62780,31649,38443,776,3392,65535,0
269,257280,65249,64573,23991,44831,312,1127,65535,0
270,258240,62733,62889,17037,51838,3363,2179,65535,0
271,259200,57216,58318,10542,54482,9366,6391,65535,0
272,260160,50138,52245,7933,55066,16620,12229,65535,0
273,261120,42733,45745,10690,57212,23780,18351,65535,0
274,262080,35227,39151,11522,54429,31191,24973,65535,0
275,263040,27820,32481,12242,50634,38512,31751,65535,0
276,264000,20212,25339,15514,49185,45833,38794,65535,0
277,264960,13381,18521,17242,44045,52501,45827,65535,0
278,265920,8078,12879,23046,36293,57329,51936,65535,0
279,266880,5400,9850,34761,26110,59079,55714,65535,0
280,267840,6267,10579,45972,14096,57337,56001,65535,0
281,268800,10732,14895,55379,7245,52154,52385,65535,0
282,269760,17551,21335,59860,7147,45011,46151,65535,0
283,270720,25030,28228,55770,7841,37883,39412,65535,0
284,271680,32758,34960,49122,12924,30706,32467,65535,0
285,272640,40403,41311,45283,22721,23391,25502,65535,0
286,273600,48183,47862,39260,27279,16115,18775,65535,0
287,274560,55480,54385,36651,31215,9051,12127,65535,0
288,275520,61404,60225,35476,36004,3242,6071,65535,0
289,276480,65142,64436,29343,40411,0,1625,65535,0
290,277440,65535,65535,21982,47188,185,0,65535,0
291,278400,62258,63100,15328,53128,3970,1868,65535,0
292,279360,56132,57970,9826,53944,10502,6773,65535,0
293,280320,48770,51652,9234,53927,17882,12897,65535,0
294,281280,41143,45065,13518,54606,25142,19226,65535,0
295,282240,33484,38506,14621,49664,32684,25992,65535,0
296,283200,25907,31825,16682,46007,40069,32770,65535,0
297,284160,18273,24755,19744,44327,47434,39761,65535,0
298,285120,11656,18169,20881,39153,53935,46573,65535,0
299,286080,6774,12922,26874,32407,58328,52216,65535,0
300,287040,4919,10427,30913,28548,59580,55192,65535,65535
301,288000,6912,11488,30913,32281,57377,54282,65535,65535
302,288960,12182,16207,30913,34082,51698,49853,65535,65535
303,289920,19356,22881,30914,34082,44263,43461,65535,65535
304,290880,27017,29815,30914,34082,36968,36795,65535,65535
305,291840,34735,36646,30914,34082,29332,29959,65535,65535
306,292800,35541,40640,30914,34082,29360,25212,65535,65535
307,293760,35541,40640,30914,34082,29360,25212,65535,65535
308,294720,35541,40640,30914,34082,29360,25212,65535,65535
309,295680,35541,40640,30914,34082,29360,25212,65535,65535
310,296640,35541,40640,30914,34082,29360,25212,65535,65535
311,297600,35541,40640,30914,34082,29360,25212,65535,65535
312,298560,35541,40640,30914,34082,29360,25212,65535,65535
313,299520,35541,40640,30914,34082,29360,25212,65535,65535
314,300480,35541,40640,30914,34082,29360,25212,65535,65535
315,301440,35541,40640,30914,34082,29360,25212,65535,65535
316,302400,35541,40640,30914,34082,29360,25212,65535,65535
317,303360,35541,40640,30914,34082,29360,25212,65535,65535
318,304320,35541,40640,30914,34082,29360,25212,65535,65535
319,305280,35541,40640,30914,34082,29360,25212,65535,65535
320,306240,35541,40640,30914,34082,29360,25212,65535,65535
321,307200,35541,40640,30914,34082,29360,25212,65535,65535
322,308160,35541,40640,30914,34082,29360,25212,65535,65535
323,309120,35541,40640,30914,34082,29360,25212,65535,65535
324,310080,35541,40640,30914,34082,29360,25212,65535,65535
325,311040,35541,40640,30914,34082,29360,25212,65535,65535
326,312000,35541,40640,30914,34082,29360,25212,65535,65535
327,312960,35541,40640,30914,34082,29360,25212,65535,65535
328,313920,35541,40640,30914,34082,29360,25212,65535,65535
329,314880,35541,40640,30914,34082,29360,25212,65535,65535
330,315840,35541,40640,30914,34082,29360,25212,65535,65535
331,316800,35541,40640,30914,34082,29360,25212,65535,65535
332,317760,35541,40640,30914,34082,29360,25212,65535,65535
333,318720,35541,40640,30914,34082,29360,25212,65535,65535
334,319680,35541,40640,30914,34082,29360,25212,65535,65535
335,320640,35541,40640,30914,34082,29360,25212,65535,65535
336,321600,35541,40640,30914,34082,29360,25212,65535,65535
337,322560,35541,40640,30914,34082,29360,25212,65535,65535
338,323520,35541,40640,30914,34082,29360,25212,65535,65535
339,324480,35541,40640,30914,34082,29360,25212,65535,65535
340,325440,35541,40640,30914,34082,29360,25212,65535,65535
341,326400,35541,40640,30914,34082,29360,25212,65535,65535
342,327360,35541,40640,30914,34082,29360,25212,65535,65535
343,328320,35541,40640,30914,34082,29360,25212,65535,65535
344,329280,35541,40640,30914,34082,29360,25212,65535,65535
345,330240,35541,40640,30914,34082,29360,25212,65535,65535
346,331200,35541,40640,30914,34082,29360,25212,65535,65535
347,332160,35541,40640,30914,34082,29360,25212,65535,65535
348,333120,35541,40640,30914,34082,29360,25212,65535,65535
349,334080,35541,40640,30914,34082,29360,25212,65535,65535
350,335040,35541,40640,30914,34082,29360,25212,65535,65535
351,336000,35541,40640,30914,34082,29360,25212,65535,65535
352,336960,35541,40640,30914,34082,29360,25212,65535,65535
353,337920,35541,40640,30914,34082,29360,25212,65535,65535
354,338880,35541,40640,30914,34082,29360,25212,65535,65535
355,339840,35541,40640,30914,34082,29360,25212,65535,65535
356,340800,35541,40640,30914,34082,29360,25212,65535,65535
357,341760,35541,40640,30914,34082,29360,25212,65535,65535
358,342720,35541,40640,30914,34082,29360,25212,65535,65535
359,343680,35541,40640,30914,34082,29360,25212,65535,65535
360,344640,35541,40640,30914,34082,29360,25212,65535,65535
361,345600,35541,40640,30914,34082,29360,25212,65535,65535
362,346560,35541,40640,30914,34082,29360,25212,65535,65535
363,347520,35541,40640,30914,34082,29360,25212,65535,65535
364,348480,35541,40640,30914,34082,29360,25212,65535,65535
365,349440,35541,40640,30914,34082,29360,25212,65535,65535
366,350400,35541,40640,30914,34082,29360,25212,65535,65535
367,351360,35541,40640,30914,34082,29360,25212,65535,65535
368,352320,35541,40640,30914,34082,29360,25212,65535,65535
369,353280,35541,40640,30914,34082,29360,25212,65535,65535
370,354240,35541,40640,30914,34082,29360,25212,65535,65535
371,355200,35541,40640,30914,34082,29360,25212,65535,65535
372,356160,35541,40640,30914,34082,29360,25212,65535,65535
373,357120,35541,40640,30914,34082,29360,25212,65535,65535
374,358080,35541,40640,30914,34082,29360,25212,65535,65535
375,359040,35541,40640,30914,34082,29360,25212,65535,65535
376,360000,35541,40640,30914,34082,29360,25212,65535,65535
377,360960,35541,40640,30914,34082,29360,25212,65535,65535
378,361920,35541,40640,30914,34082,29360,25212,65535,65535
379,362880,35541,40640,30914,34082,29360,25212,65535,65535
380,363840,35541,40640,30914,34082,29360,25212,65535,65535
381,364800,35541,40640,30914,34082,29360,25212,65535,65535
382,365760,35541,40640,30914,34082,29360,25212,65535,65535
383,366720,35541,40640,30914,34082,29360,25212,65535,65535
384,367680,35541,40640,30914,34082,29360,25212,65535,65535
385,368640,35541,40640,30913,34082,29360,25212,65535,65535
386,369600,35541,40640,30914,34082,29360,25212,65535,65535
387,370560,35541,40640,30914,34082,29360,25212,65535,65535
388,371520,35541,40640,30914,34082,29360,25212,65535,65535
389,372480,35541,40640,30914,34082,29360,25212,65535,65535
390,373440,35541,40640,30914,34082,29360,25212,65535,65535
391,374400,35541,40640,30914,34082,29360,25212,65535,65535
392,375360,35541,40640,30914,34082,29360,25212,65535,65535
393,376320,35541,40640,30914,34082,29360,25212,65535,65535
394,377280,35541,40640,30914,34082,29360,25212,65535,65535
395,378240,35541,40640,30914,34082,29360,25212,65535,65535
396,379200,35541,40640,30914,34082,29360,25212,65535,65535
397,380160,35541,40640,30914,34082,29360,25212,65535,65535
398,381120,35541,40640,30914,34082,29360,25212,65535,65535
399,382080,35541,40640,30914,34082,29360,25212,65535,65535
400,383040,35541,40640,30914,34082,29360,25212,65535,65535
401,384000,35541,40640,30914,34082,29360,25212,65535,65535
402,384960,35541,40640,30914,34082,29360,25212,65535,65535
403,385920,35541,40640,30914,34082,29360,25212,65535,65535
404,386880,35541,40640,30914,34082,29360,25212,65535,65535
405,387840,35541,40640,30914,34082,29360,25212,65535,65535
406,388800,35541,40640,30913,34082,29360,25212,65535,65535
407,389760,35541,40640,30914,34082,29360,25212,65535,65535
408,390720,35541,40640,30914,34082,29360,25212,65535,65535
409,391680,35541,40640,30914,34082,29360,25212,65535,65535
410,392640,35541,40640,30914,34082,29360,25212,65535,65535
411,393600,35541,40640,30914,34082,29360,25212,65535,65535
412,394560,35541,40640,30914,34082,29360,25212,65535,65535
413,395520,35541,40640,30914,34082,29360,25212,65535,65535
414,396480,35541,40640,30914,34082,29360,25212,65535,65535
415,397440,35541,40640,30914,34082,29360,25212,65535,65535
416,398400,35541,40640,30914,34082,29360,25212,65535,65535
417,399360,35541,40640,30914,34082,29360,25212,65535,65535
418,400320,35541,40640,30914,34082,29360,25212,65535,65535
419,401280,35541,40640,30914,34082,29360,25212,65535,65535
420,402240,35541,40640,30914,34082,29360,25212,65535,65535
421,403200,35541,40640,30914,34082,29360,25212,65535,65535
422,404160,35541,40640,30914,34082,29360,25212,65535,65535
423,405120,35541,40640,30914,34082,29360,25212,65535,65535
424,406080,35541,40640,30914,34082,29360,25212,65535,65535
425,407040,35541,40640,30914,34082,29360,25212,65535,65535
426,408000,35541,40640,30914,34082,29360,25212,65535,65535
427,408960,35541,40640,30913,34082,29360,25212,65535,65535
428,409920,35541,40640,30914,34082,29360,25212,65535,65535
429,410880,35541,40640,30914,34082,29360,25212,65535,65535
430,411840,35541,40640,30914,34082,29360,25212,65535,65535
431,412800,35541,40640,30914,34082,29360,25212,65535,65535
432,413760,35541,40640,30914,34082,29360,25212,65535,65535
433,414720,35541,40640,30914,34082,29360,25212,65535,65535
434,415680,35541,40640,30914,34082,29360,25212,65535,65535
435,416640,35541,40640,30914,34082,29360,25212,65535,65535
436,417600,35541,40640,30914,34082,29360,25212,65535,65535
437,418560,35541,40640,30914,34082,29360,25212,65535,65535
438,419520,35541,40640,30914,34082,29360,25212,65535,65535
439,420480,35541,40640,30914,34082,29360,25212,65535,65535
440,421440,35541,40640,30914,34082,29360,25212,65535,65535
441,422400,35541,40640,30914,34082,29360,25212,65535,65535
442,423360,35541,40640,30914,34082,29360,25212,65535,65535
443,424320,35541,40640,30914,34082,29360,25212,65535,65535
444,425280,35541,40640,30914,34082,29360,25212,65535,65535
445,426240,35541,40640,30914,34082,29360,25212,65535,65535
446,427200,35541,40640,30914,34082,29360,25212,65535,65535
447,428160,35541,40640,30914,34082,29360,25212,65535,65535
448,429120,35541,40640,30914,34082,29360,25212,65535,65535
449,430080,35541,40640,30914,34082,29360,25212,65535,65535
450,431040,35541,40640,30914,34082,29360,25212,65535,65535
451,432000,35541,40640,30914,34082,29360,25212,65535,65535
452,432960,35541,40640,30914,34082,29360,25212,65535,65535
453,433920,35541,40640,30914,34082,29360,25212,65535,65535
454,434880,35541,40640,30914,34082,29360,25212,65535,65535
455,435840,35541,40640,30914,34082,29360,25212,65535,65535
456,436800,35541,40640,30914,34082,29360,25212,65535,65535
457,437760,35541,40640,30914,34082,29360,25212,65535,65535
458,438720,35541,40640,30914,34082,29360,25212,65535,65535
459,439680,35541,40640,30914,34082,29360,25212,65535,65535
460,440640,35541,40640,30914,34082,29360,25212,65535,65535
461,441600,35541,40640,30914,34082,29360,25212,65535,65535
462,442560,35541,40640,30914,34082,29360,25212,65535,65535
463,443520,35541,40640,30914,34082,29360,25212,65535,65535
464,444480,35541,40640,30914,34082,29360,25212,65535,65535
465,445440,35541,40640,30914,34082,29360,25212,65535,65535
466,446400,35541,40640,30914,34082,29360,25212,65535,65535
467,447360,35541,40640,30914,34082,29360,25212,65535,65535
468,448320,35541,40640,30914,34082,29360,25212,65535,65535
469,449280,35541,40640,30914,34082,29360,25212,65535,65535
470,450240,35541,40640,30914,34082,29360,25212,65535,65535
471,451200,35541,40640,30914,34082,29360,25212,65535,65535
472,452160,35541,40640,30914,34082,29360,25212,65535,65535
473,453120,35541,40640,30914,34082,29360,25212,65535,65535
474,454080,35541,40640,30914,34082,29360,25212,65535,65535
475,455040,35541,40640,30914,34082,29360,25212,65535,65535
476,456000,35541,40640,30914,34082,29360,25212,65535,65535
477,456960,35541,40640,30914,34082,29360,25212,65535,65535
478,457920,35541,40640,30914,34082,29360,25212,65535,65535
479,458880,35541,40640,30914,34082,29360,25212,65535,65535
480,459840,35541,40640,30914,34082,29360,25212,65535,65535
481,460800,35541,40640,30914,34082,29360,25212,65535,65535
482,461760,35541,40640,30914,34082,29360,25212,65535,65535
483,462720,35541,40640,30914,34082,29360,25212,65535,65535
484,463680,35541,40640,30914,34082,29360,25212,65535,65535
485,464640,35541,40640,30914,34082,29360,25212,65535,65535
486,465600,35541,40640,30914,34082,29360,25212,65535,65535
487,466560,35541,40640,30914,34082,29360,25212,65535,65535
488,467520,35541,40640,30914,34082,29360,25212,65535,65535
489,468480,35541,40640,30914,34082,29360,25212,65535,65535
490,469440,35541,40640,30914,34082,29360,25212,65535,65535
491,470400,35541,40640,30914,34082,29360,25212,65535,65535
492,471360,35541,40640,30914,34082,29360,25212,65535,65535
493,472320,35541,40640,30914,34082,29360,25212,65535,65535
494,473280,35541,40640,30914,34082,29360,25212,65535,65535
495,474240,35541,40640,30914,34082,29360,25212,65535,65535
496,475200,35541,40640,30914,34082,29360,25212,65535,65535
497,476160,35541,40640,30914,34082,29360,25212,65535,65535
498,477120,35541,40640,30914,34082,29360,25212,65535,65535
499,478080,35541,40640,30914,34082,29360,25212,65535,65535
500,479040,35541,40640,30914,34082,29360,25212,65535,65535
501,480000,35541,40640,30914,34082,29360,25212,65535,65535
502,480960,35541,40640,30914,34082,29360,25212,65535,65535
503,481920,35541,40640,30914,34082,29360,25212,65535,65535
504,482880,35541,40640,30914,34082,29360,25212,65535,65535
505,483840,35541,40640,30914,34082,29360,25212,65535,65535
506,484800,35541,40640,30914,34082,29360,25212,65535,65535
507,485760,35541,40640,30914,34082,29360,25212,65535,65535
508,486720,35541,40640,30914,34082,29360,25212,65535,65535
509,487680,35541,40640,30914,34082,29360,25212,65535,65535
510,488640,35541,40640,30914,34082,29360,25212,65535,65535
511,489600,35541,40640,30914,34082,29360,25212,65535,65535
512,490560,35541,40640,30914,34082,29360,25212,65535,65535
513,491520,35541,40640,30914,34082,29360,25212,65535,65535
514,492480,35541,40640,30914,34082,29360,25212,65535,65535
515,493440,35541,40640,30914,34082,29360,25212,65535,65535
516,494400,35541,40640,30914,34082,29360,25212,65535,65535
517,495360,35541,40640,30914,34082,29360,25212,65535,65535
518,496320,35541,40640,30914,34082,29360,25212,65535,65535
519,497280,35541,40640,30914,34082,29360,25212,65535,65535
520,498240,35541,40640,30914,34082,29360,25212,65535,65535
521,499200,35541,40640,30914,34082,29360,25212,65535,65535
522,500160,35541,40640,30914,34082,29360,25212,65535,65535
523,501120,35541,40640,30914,34082,29360,25212,65535,65535
524,502080,35541,40640,30914,34082,29360,25212,65535,65535
525,503040,35541,40640,30914,34082,29360,25212,65535,65535
526,504000,35541,40640,30914,34082,29360,25212,65535,65535
527,504960,35541,40640,30914,34082,29360,25212,65535,65535
528,505920,35541,40640,30914,34082,29360,25212,65535,65535
529,506880,35541,40640,30914,34082,29360,25212,65535,65535
530,507840,35541,40640,30914,34082,29360,25212,65535,65535
531,508800,35541,40640,30914,34082,29360,25212,65535,65535
532,509760,35541,40640,30914,34082,29360,25212,65535,65535
533,510720,35541,40640,30914,34082,29360,25212,65535,65535
534,511680,35541,40640,30914,34082,29360,25212,65535,65535
535,512640,35541,40640,30914,34082,29360,25212,65535,65535
536,513600,35541,40640,30914,34082,29360,25212,65535,65535
537,514560,35541,40640,30914,34082,29360,25212,65535,65535
538,515520,35541,40640,30914,34082,29360,25212,65535,65535
539,516480,35541,40640,30914,34082,29360,25212,65535,65535
540,517440,35541,40640,30914,34082,29360,25212,65535,65535
541,518400,35541,40640,30914,34082,29360,25212,65535,65535
542,519360,35541,40640,30914,34082,29360,25212,65535,65535
543,520320,35541,40640,30914,34082,29360,25212,65535,65535
544,521280,35541,40640,30914,34082,29360,25212,65535,65535
545,522240,35541,40640,30914,34082,29360,25212,65535,65535
546,523200,35541,40640,30914,34082,29360,25212,65535,65535
547,524160,35541,40640,30914,34082,29360,25212,65535,65535
548,525120,35541,40640,30914,34082,29360,25212,65535,65535
549,526080,35541,40640,30914,34082,29360,25212,65535,65535
550,527040,35541,40640,30914,34082,29360,25212,65535,65535
551,528000,35541,40640,30914,34082,29360,25212,65535,65535
552,528960,35541,40640,30914,34082,29360,25212,65535,65535
553,529920,35541,40640,30914,34082,29360,25212,65535,65535
554,530880,35541,40640,30914,34082,29360,25212,65535,65535
555,531840,35541,40640,30914,34082,29360,25212,65535,65535
556,532800,35541,40640,30914,34082,29360,25212,65535,65535
557,533760,35541,40640,30914,34082,29360,25212,65535,65535
558,534720,35541,40640,30914,34082,29360,25212,65535,65535
559,535680,35541,40640,30914,34082,29360,25212,65535,65535
560,536640,35541,40640,30914,34082,29360,25212,65535,65535
561,537600,35541,40640,30914,34082,29360,25212,65535,65535
562,538560,35541,40640,30914,34082,29360,25212,65535,65535
563,539520,35541,40640,30914,34082,29360,25212,65535,65535
564,540480,35541,40640,30914,34082,29360,25212,65535,65535
565,541440,35541,40640,30914,34082,29360,25212,65535,65535
566,542400,35541,40640,30914,34082,29360,25212,65535,65535
567,543360,35541,40640,30914,34082,29360,25212,65535,65535
568,544320,35541,40640,30914,34082,29360,25212,65535,65535
569,545280,35541,40640,30914,34082,29360,25212,65535,65535
570,546240,35541,40640,30914,34082,29360,25212,65535,65535
571,547200,35541,40640,30914,34082,29360,25212,65535,65535
572,548160,35541,40640,30914,34082,29360,25212,65535,65535
573,549120,35541,40640,30914,34082,29360,25212,65535,65535
574,550080,35541,40640,30914,34082,29360,25212,65535,65535
575,551040,35541,40640,30914,34082,29360,25212,65535,65535
576,552000,35541,40640,30914,34082,29360,25212,65535,65535
577,552960,35541,40640,30914,34082,29360,25212,65535,65535
578,553920,35541,40640,30914,34082,29360,25212,65535,65535
579,554880,35541,40640,30914,34082,29360,25212,65535,65535
580,555840,35541,40640,30914,34082,29360,25212,65535,65535
581,556800,35541,40640,30914,34082,29360,25212,65535,65535
582,557760,35541,40640,30914,34082,29360,25212,65535,65535
583,558720,35541,40640,30914,34082,29360,25212,65535,65535
584,559680,35541,40640,30914,34082,29360,25212,65535,65535
585,560640,35541,40640,30914,34082,29360,25212,65535,65535
586,561600,35541,40640,30914,34082,29360,25212,65535,65535
587,562560,35541,40640,30914,34082,29360,25212,65535,65535
588,563520,35541,40640,30914,34082,29360,25212,65535,65535
589,564480,35541,40640,30914,34082,29360,25212,65535,65535
590,565440,35541,40640,30914,34082,29360,25212,65535,65535
591,566400,35541,40640,30914,34082,29360,25212,65535,65535
592,567360,35541,40640,30914,34082,29360,25212,65535,65535
593,568320,35541,40640,30914,34082,29360,25212,65535,65535
594,569280,35541,40640,30914,34082,29360,25212,65535,65535
595,570240,35541,40640,30914,34082,29360,25212,65535,65535
596,571200,35541,40640,30914,34082,29360,25212,65535,65535
597,572160,35541,40640,30914,34082,29360,25212,65535,65535
598,573120,35541,40640,30914,34082,29360,25212,65535,65535
599,574080,35541,40640,30914,34082,29360,25212,65535,65535
600,575040,35541,40640,30914,34082,29360,25212,65535,65535
601,576000,35541,40640,30914,34082,29360,25212,65535,65535
602,576960,35541,40640,30914,34082,29360,25212,65535,65535
603,577920,35541,40640,30914,34082,29360,25212,65535,65535
604,578880,35541,40640,30914,34082,29360,25212,65535,65535
605,579840,35541,40640,30914,34082,29360,25212,65535,65535
606,580800,35541,40640,30914,34082,29360,25212,65535,65535
607,581760,35541,40640,30914,34082,29360,25212,65535,65535
608,582720,35541,40640,30914,34082,29360,25212,65535,65535
609,583680,35541,40640,30914,34082,29360,25212,65535,65535
610,584640,35541,40640,30914,34082,29360,25212,65535,65535
611,585600,35541,40640,30914,34082,29360,25212,65535,65535
612,586560,35541,40640,30914,34082,29360,25212,65535,65535
613,587520,35541,40640,30914,34082,29360,25212,65535,65535
614,588480,35541,40640,30914,34082,29360,25212,65535,65535
615,589440,35541,40640,30914,34082,29360,25212,65535,65535
616,590400,35541,40640,30914,34082,29360,25212,65535,65535
617,591360,35541,40640,30914,34082,29360,25212,65535,65535
618,592320,35541,40640,30914,34082,29360,25212,65535,65535
619,593280,35541,40640,30914,34082,29360,25212,65535,65535
620,594240,35541,40640,30914,34082,29360,25212,65535,65535
621,595200,35541,40640,30914,34082,29360,25212,65535,65535
622,596160,35541,40640,30914,34082,29360,25212,65535,65535
623,597120,35541,40640,30914,34082,29360,25212,65535,65535
624,598080,35541,40640,30914,34082,29360,25212,65535,65535
625,599040,35541,40640,30914,34082,29360,25212,65535,65535
626,600000,35541,40640,30914,34082,29360,25212,65535,65535
627,600960,35541,40640,30914,34082,29360,25212,65535,65535
628,601920,35541,40640,30914,34082,29360,25212,65535,65535
629,602880,35541,40640,30914,34082,29360,25212,65535,65535
630,603840,35541,40640,30914,34082,29360,25212,65535,65535
631,604800,35541,40640,30914,34082,29360,25212,65535,65535
632,605760,35541,40640,30914,34082,29360,25212,65535,65535
633,606720,35541,40640,30914,34082,29360,25212,65535,65535
634,607680,35541,40640,30914,34082,29360,25212,65535,65535
635,608640,35541,40640,30914,34082,29360,25212,65535,65535
636,609600,35541,40640,30914,34082,29360,25212,65535,65535
637,610560,35541,40640,30914,34082,29360,25212,65535,65535
638,611520,35541,40640,30914,34082,29360,25212,65535,65535
639,612480,35541,40640,30914,34082,29360,25212,65535,65535
640,613440,35541,40640,30914,34082,29360,25212,65535,65535
641,614400,35541,40640,30914,34082,29360,25212,65535,65535
642,615360,35541,40640,30914,34082,29360,25212,65535,65535
643,616320,35541,40640,30914,34082,29360,25212,65535,65535
644,617280,35541,40640,30914,34082,29360,25212,65535,65535
645,618240,35541,40640,30914,34082,29360,25212,65535,65535
646,619200,35541,40640,30914,34082,29360,25212,65535,65535
647,620160,35541,40640,30914,34082,29360,25212,65535,65535
648,621120,35541,40640,30914,34082,29360,25212,65535,65535
649,622080,35541,40640,30914,34082,29360,25212,65535,65535
650,623040,35541,40640,30914,34082,29360,25212,65535,65535
651,624000,35541,40640,30914,34082,29360,25212,65535,65535
652,624960,35541,40640,30914,34082,29360,25212,65535,65535
653,625920,35541,40640,30914,34082,29360,25212,65535,65535
654,626880,35541,40640,30914,34082,29360,25212,65535,65535
655,627840,35541,40640,30914,34082,29360,25212,65535,65535
656,628800,35541,40640,30914,34082,29360,25212,65535,65535
657,629760,35541,40640,30914,34082,29360,25212,65535,65535
658,630720,35541,40640,30914,34082,29360,25212,65535,65535
659,631680,35541,40640,30914,34082,29360,25212,65535,65535
660,632640,35541,40640,30914,34082,29360,25212,65535,65535
661,633600,35541,40640,30914,34082,29360,25212,65535,65535
662,634560,35541,40640,30914,34082,29360,25212,65535,65535
663,635520,35541,40640,30914,34082,29360,25212,65535,65535
664,636480,35541,40640,30914,34082,29360,25212,65535,65535
665,637440,35541,40640,30914,34082,29360,25212,65535,65535
666,638400,35541,40640,30914,34082,29360,25212,65535,65535
667,639360,35541,40640,30914,34082,29360,25212,65535,65535
668,640320,35541,40640,30914,34082,29360,25212,65535,65535
669,641280,35541,40640,30914,34082,29360,25212,65535,65535
670,642240,35541,40640,30914,34082,29360,25212,65535,65535
671,643200,35541,40640,30914,34082,29360,25212,65535,65535
672,644160,35541,40640,30914,34082,29360,25212,65535,65535
673,645120,35541,40640,30914,34082,29360,25212,65535,65535
674,646080,35541,40640,30914,34082,29360,25212,65535,65535
675,647040,35541,40640,30914,34082,29360,25212,65535,65535
676,648000,35541,40640,30914,34082,29360,25212,65535,65535
677,648960,35541,40640,30914,34082,29360,25212,65535,65535
678,649920,35541,40640,30914,34082,29360,25212,65535,65535
679,650880,35541,40640,30914,34082,29360,25212,65535,65535
680,651840,35541,40640,30914,34082,29360,25212,65535,65535
681,652800,35541,40640,30914,34082,29360,25212,65535,65535
682,653760,35541,40640,30914,34082,29360,25212,65535,65535
683,654720,35541,40640,30914,34082,29360,25212,65535,65535
684,655680,35541,40640,30914,34082,29360,25212,65535,65535
685,656640,35541,40640,30914,34082,29360,25212,65535,65535
686,657600,35541,40640,30914,34082,29360,25212,65535,65535
687,658560,35541,40640,30914,34082,29360,25212,65535,65535
688,659520,35541,40640,30914,34082,29360,25212,65535,65535
689,660480,35541,40640,30914,34082,29360,25212,65535,65535
690,661440,35541,40640,30914,34082,29360,25212,65535,65535
691,662400,35541,40640,30914,34082,29360,25212,65535,65535
692,663360,35541,40640,30914,34082,29360,25212,65535,65535
693,664320,35541,40640,30914,34082,29360,25212,65535,65535
694,665280,35541,40640,30914,34082,29360,25212,65535,65535
695,666240,35541,40640,30914,34082,29360,25212,65535,65535
696,667200,35541,40640,30914,34082,29360,25212,65535,65535
697,668160,35541,40640,30914,34082,29360,25212,65535,65535
698,669120,35541,40640,30914,34082,29360,25212,65535,65535
699,670080,35541,40640,30914,34082,29360,25212,65535,65535
700,671040,35541,40640,30914,34082,29360,25212,65535,65535
701,672000,35541,40640,30914,34082,29360,25212,65535,65535
702,672960,35541,40640,30914,34082,29360,25212,65535,65535
703,673920,35541,40640,30914,34082,29360,25212,65535,65535
704,674880,35541,40640,30914,34082,29360,25212,65535,65535
705,675840,35541,40640,30914,34082,29360,25212,65535,65535
706,676800,35541,40640,30914,34082,29360,25212,65535,65535
707,677760,35541,40640,30914,34082,29360,25212,65535,65535
708,678720,35541,40640,30914,34082,29360,25212,65535,65535
709,679680,35541,40640,30914,34082,29360,25212,65535,65535
710,680640,35541,40640,30914,34082,29360,25212,65535,65535
711,681600,35541,40640,30914,34082,29360,25212,65535,65535
712,682560,35541,40640,30914,34082,29360,25212,65535,65535
713,683520,35541,40640,30914,34082,29360,25212,65535,65535
714,684480,35541,40640,30914,34082,29360,25212,65535,65535
715,685440,35541,40640,30914,34082,29360,25212,65535,65535
716,686400,35541,40640,30914,34082,29360,25212,65535,65535
717,687360,35541,40640,30914,34082,29360,25212,65535,65535
718,688320,35541,40640,30914,34082,29360,25212,65535,65535
719,689280,35541,40640,30914,34082,29360,25212,65535,65535
720,690240,35541,40640,30914,34082,29360,25212,65535,65535
721,691200,35541,40640,30914,34082,29360,25212,65535,65535
722,692160,35541,40640,30914,34082,29360,25212,65535,65535
723,693120,35541,40640,30914,34082,29360,25212,65535,65535
724,694080,35541,40640,30914,34082,29360,25212,65535,65535
725,695040,35541,40640,30914,34082,29360,25212,65535,65535
726,696000,35541,40640,30914,34082,29360,25212,65535,65535
727,696960,35541,40640,30914,34082,29360,25212,65535,65535
728,697920,35541,40640,30914,34082,29360,25212,65535,65535
729,698880,35541,40640,30914,34082,29360,25212,65535,65535
730,699840,35541,40640,30914,34082,29360,25212,65535,65535
731,700800,35541,40640,30914,34082,29360,25212,65535,65535
732,701760,35541,40640,30914,34082,29360,25212,65535,65535
733,702720,35541,40640,30914,34082,29360,25212,65535,65535
734,703680,35541,40640,30914,34082,29360,25212,65535,65535
735,704640,35541,40640,30914,34082,29360,25212,65535,65535
736,705600,35541,40640,30914,34082,29360,25212,65535,65535
737,706560,35541,40640,30914,34082,29360,25212,65535,65535
738,707520,35541,40640,30914,34082,29360,25212,65535,65535
739,708480,35541,40640,30914,34082,29360,25212,65535,65535
740,709440,35541,40640,30914,34082,29360,25212,65535,65535
741,710400,35541,40640,30914,34082,29360,25212,65535,65535
742,711360,35541,40640,30914,34082,29360,25212,65535,65535
743,712320,35541,40640,30914,34082,29360,25212,65535,65535
744,713280,35541,40640,30914,34082,29360,25212,65535,65535
745,714240,35541,40640,30914,34082,29360,25212,65535,65535
746,715200,35541,40640,30914,34082,29360,25212,65535,65535
747,716160,35541,40640,30914,34082,29360,25212,65535,65535
748,717120,35541,40640,30914,34082,29360,25212,65535,65535
749,718080,35541,40640,30914,34082,29360,25212,65535,65535
750,719040,35541,40640,30914,34082,29360,25212,65535,65535
751,720000,35541,40640,30914,34082,29360,25212,65535,65535
752,720960,35541,40640,30914,34082,29360,25212,65535,65535
753,721920,35541,40640,30914,34082,29360,25212,65535,65535
754,722880,35541,40640,30914,34082,29360,25212,65535,65535
755,723840,35541,40640,30914,34082,29360,25212,65535,65535
756,724800,35541,40640,30914,34082,29360,25212,65535,65535
757,725760,35541,40640,30914,34082,29360,25212,65535,65535
758,726720,35541,40640,30914,34082,29360,25212,65535,65535
759,727680,35541,40640,30914,34082,29360,25212,65535,65535
760,728640,35541,40640,30914,34082,29360,25212,65535,65535
761,729600,35541,40640,30914,34082,29360,25212,65535,65535
762,730560,35541,40640,30914,34082,29360,25212,65535,65535
763,731520,35541,40640,30914,34082,29360,25212,65535,65535
764,732480,35541,40640,30914,34082,29360,25212,65535,65535
765,733440,35541,40640,30914,34082,29360,25212,65535,65535
766,734400,35541,40640,30914,34082,29360,25212,65535,65535
767,735360,35541,40640,30914,34082,29360,25212,65535,65535
768,736320,35541,40640,30914,34082,29360,25212,65535,65535
769,737280,35541,40640,30914,34082,29360,25212,65535,65535
770,738240,35541,40640,30914,34082,29360,25212,65535,65535
771,739200,35541,40640,30914,34082,29360,25212,65535,65535
772,740160,35541,40640,30914,34082,29360,25212,65535,65535
773,741120,35541,40640,30914,34082,29360,25212,65535,65535
774,742080,35541,40640,30914,34082,29360,25212,65535,65535
775,743040,35541,40640,30914,34082,29360,25212,65535,65535
776,744000,35541,40640,30914,34082,29360,25212,65535,65535
777,744960,35541,40640,30914,34082,29360,25212,65535,65535
778,745920,35541,40640,30914,34082,29360,25212,65535,65535
779,746880,35541,40640,30914,34082,29360,25212,65535,65535
780,747840,35541,40640,30914,34082,29360,25212,65535,65535
781,748800,35541,40640,30914,34082,29360,25212,65535,65535
782,749760,35541,40640,30914,34082,29360,25212,65535,65535
783,750720,35541,40640,30914,34082,29360,25212,65535,65535
784,751680,35541,40640,30914,34082,29360,25212,65535,65535
785,752640,35541,40640,30914,34082,29360,25212,65535,65535
786,753600,35541,40640,30914,34082,29360,25212,65535,65535
787,754560,35541,40640,30914,34082,29360,25212,65535,65535
788,755520,35541,40640,30914,34082,29360,25212,65535,65535
789,756480,35541,40640,30914,34082,29360,25212,65535,65535
790,757440,35541,40640,30914,34082,29360,25212,65535,65535
791,758400,35541,40640,30914,34082,29360,25212,65535,65535
792,759360,35541,40640,30914,34082,29360,25212,65535,65535
793,760320,35541,40640,30914,34082,29360,25212,65535,65535
794,761280,35541,40640,30914,34082,29360,25212,65535,65535
795,762240,35541,40640,30914,34082,29360,25212,65535,65535
796,763200,35541,40640,30914,34082,29360,25212,65535,65535
797,764160,35541,40640,30914,34082,29360,25212,65535,65535
798,765120,35541,40640,30914,34082,29360,25212,65535,65535
799,766080,35541,40640,30914,34082,29360,25212,65535,65535
800,767040,35541,40640,30914,34082,29360,25212,65535,65535
801,768000,35541,40640,30914,34082,29360,25212,65535,65535
802,768960,35541,40640,30914,34082,29360,25212,65535,65535
803,769920,35541,40640,30914,34082,29360,25212,65535,65535
804,770880,35541,40640,30914,34082,29360,25212,65535,65535
805,771840,35541,40640,30914,34082,29360,25212,65535,65535
806,772800,35541,40640,30914,34082,29360,25212,65535,65535
807,773760,35541,40640,30914,34082,29360,25212,65535,65535
808,774720,35541,40640,30914,34082,29360,25212,65535,65535
809,775680,35541,40640,30914,34082,29360,25212,65535,65535
810,776640,35541,40640,30914,34082,29360,25212,65535,65535
811,777600,35541,40640,30914,34082,29360,25212,65535,65535
812,778560,35541,40640,30914,34082,29360,25212,65535,65535
813,779520,35541,40640,30914,34082,29360,25212,65535,65535
814,780480,35541,40640,30914,34082,29360,25212,65535,65535
815,781440,35541,40640,30914,34082,29360,25212,65535,65535
816,782400,35541,40640,30914,34082,29360,25212,65535,65535
817,783360,35541,40640,30914,34082,29360,25212,65535,65535
818,784320,35541,40640,30914,34082,29360,25212,65535,65535
819,785280,35541,40640,30914,34082,29360,25212,65535,65535
820,786240,35541,40640,30914,34082,29360,25212,65535,65535
821,787200,35541,40640,30914,34082,29360,25212,65535,65535
822,788160,35541,40640,30914,34082,29360,25212,65535,65535
823,789120,35541,40640,30914,34082,29360,25212,65535,65535
824,790080,35541,40640,30914,34082,29360,25212,65535,65535
825,791040,35541,40640,30914,34082,29360,25212,65535,65535
826,792000,35541,40640,30914,34082,29360,25212,65535,65535
827,792960,35541,40640,30914,34082,29360,25212,65535,65535
828,793920,35541,40640,30914,34082,29360,25212,65535,65535
829,794880,35541,40640,30914,34082,29360,25212,65535,65535
830,795840,35541,40640,30914,34082,29360,25212,65535,65535
831,796800,35541,40640,30914,34082,29360,25212,65535,65535
832,797760,35541,40640,30914,34082,29360,25212,65535,65535
833,798720,35541,40640,30914,34082,29360,25212,65535,65535
834,799680,35541,40640,30914,34082,29360,25212,65535,65535
835,800640,35541,40640,30914,34082,29360,25212,65535,65535
836,801600,35541,40640,30914,34082,29360,25212,65535,65535
837,802560,35541,40640,30914,34082,29360,25212,65535,65535
838,803520,35541,40640,30914,34082,29360,25212,65535,65535
839,804480,35541,40640,30914,34082,29360,25212,65535,65535
840,805440,35541,40640,30914,34082,29360,25212,65535,65535
841,806400,35541,40640,30914,34082,29360,25212,65535,65535
842,807360,35541,40640,30914,34082,29360,25212,65535,65535
843,808320,35541,40640,30914,34082,29360,25212,65535,65535
844,809280,35541,40640,30914,34082,29360,25212,65535,65535
845,810240,35541,40640,30914,34082,29360,25212,65535,65535
846,811200,35541,40640,30914,34082,29360,25212,65535,65535
847,812160,35541,40640,30914,34082,29360,25212,65535,65535
848,813120,35541,40640,30914,34082,29360,25212,65535,65535
849,814080,35541,40640,30914,34082,29360,25212,65535,65535
850,815040,35541,40640,30914,34082,29360,25212,65535,65535
851,816000,35541,40640,30914,34082,29360,25212,65535,65535
852,816960,35541,40640,30914,34082,29360,25212,65535,65535
853,817920,35541,40640,30914,34082,29360,25212,65535,65535
854,818880,35541,40640,30914,34082,29360,25212,65535,65535
855,819840,35541,40640,30914,34082,29360,25212,65535,65535
856,820800,35541,40640,30914,34082,29360,25212,65535,65535
857,821760,35541,40640,30914,34082,29360,25212,65535,65535
858,822720,35541,40640,30914,34082,29360,25212,65535,65535
859,823680,35541,40640,30914,34082,29360,25212,65535,65535
860,824640,35541,40640,30914,34082,29360,25212,65535,65535
861,825600,35541,40640,30914,34082,29360,25212,65535,65535
862,826560,35541,40640,30914,34082,29360,25212,65535,65535
863,827520,35541,40640,30914,34082,29360,25212,65535,65535
864,828480,35541,40640,30914,34082,29360,25212,65535,65535
865,829440,35541,40640,30914,34082,29360,25212,65535,65535
866,830400,35541,40640,30914,34082,29360,25212,65535,65535
867,831360,35541,40640,30914,34082,29360,25212,65535,65535
868,832320,35541,40640,30914,34082,29360,25212,65535,65535
869,833280,35541,40640,30914,34082,29360,25212,65535,65535
870,834240,35541,40640,30914,34082,29360,25212,65535,65535
871,835200,35541,40640,30914,34082,29360,25212,65535,65535
872,836160,35541,40640,30914,34082,29360,25212,65535,65535
873,837120,35541,40640,30914,34082,29360,25212,65535,65535
874,838080,35541,40640,30914,34082,29360,25212,65535,65535
875,839040,35541,40640,30914,34082,29360,25212,65535,65535
876,840000,35541,40640,30914,34082,29360,25212,65535,65535
877,840960,35541,40640,30914,34082,29360,25212,65535,65535
878,841920,35541,40640,30914,34082,29360,25212,65535,65535
879,842880,35541,40640,30914,34082,29360,25212,65535,65535
880,843840,35541,40640,30914,34082,29360,25212,65535,65535
881,844800,35541,40640,30914,34082,29360,25212,65535,65535
882,845760,35541,40640,30914,34082,29360,25212,65535,65535
883,846720,35541,40640,30914,34082,29360,25212,65535,65535
884,847680,35541,40640,30914,34082,29360,25212,65535,65535
885,848640,35541,40640,30914,34082,29360,25212,65535,65535
886,849600,35541,40640,30914,34082,29360,25212,65535,65535
887,850560,35541,40640,30914,34082,29360,25212,65535,65535
888,851520,35541,40640,30914,34082,29360,25212,65535,65535
889,852480,35541,40640,30914,34082,29360,25212,65535,65535
890,853440,35541,40640,30914,34082,29360,25212,65535,65535
891,854400,35541,40640,30914,34082,29360,25212,65535,65535
892,855360,35541,40640,30914,34082,29360,25212,65535,65535
893,856320,35541,40640,30914,34082,29360,25212,65535,65535
894,857280,35541,40640,30914,34082,29360,25212,65535,65535
895,858240,35541,40640,30914,34082,29360,25212,65535,65535
896,859200,35541,40640,30914,34082,29360,25212,65535,65535
897,860160,35541,40640,30914,34082,29360,25212,65535,65535
898,861120,35541,40640,30914,34082,29360,25212,65535,65535
899,862080,35541,40640,30914,34082,29360,25212,65535,65535
900,863040,35541,40640,30914,34082,29360,25212,65535,65535
901,864000,35541,40640,30914,34082,29360,25212,65535,65535
902,864960,35541,40640,30914,34082,29360,25212,65535,65535
903,865920,35541,40640,30914,34082,29360,25212,65535,65535
904,866880,35541,40640,30914,34082,29360,25212,65535,65535
905,867840,35541,40640,30914,34082,29360,25212,65535,65535
906,868800,35541,40640,30914,34082,29360,25212,65535,65535
907,869760,35541,40640,30914,34082,29360,25212,65535,65535
908,870720,35541,40640,30914,34082,29360,25212,65535,65535
909,871680,35541,40640,30914,34082,29360,25212,65535,65535
910,872640,35541,40640,30914,34082,29360,25212,65535,65535
911,873600,35541,40640,30914,34082,29360,25212,65535,65535
912,874560,35541,40640,30914,34082,29360,25212,65535,65535
913,875520,35541,40640,30914,34082,29360,25212,65535,65535
914,876480,35541,40640,30914,34082,29360,25212,65535,65535
915,877440,35541,40640,30914,34082,29360,25212,65535,65535
916,878400,35541,40640,30914,34082,29360,25212,65535,65535
917,879360,35541,40640,30914,34082,29360,25212,65535,65535
918,880320,35541,40640,30914,34082,29360,25212,65535,65535
919,881280,35541,40640,30914,34082,29360,25212,65535,65535
920,882240,35541,40640,30914,34082,29360,25212,65535,65535
921,883200,35541,40640,30914,34082,29360,25212,65535,65535
922,884160,35541,40640,30914,34082,29360,25212,65535,65535
923,885120,35541,40640,30914,34082,29360,25212,65535,65535
924,886080,35541,40640,30914,34082,29360,25212,65535,65535
925,887040,35541,40640,30914,34082,29360,25212,65535,65535
926,888000,35541,40640,30914,34082,29360,25212,65535,65535
927,888960,35541,40640,30914,34082,29360,25212,65535,65535
928,889920,35541,40640,30914,34082,29360,25212,65535,65535
929,890880,35541,40640,30914,34082,29360,25212,65535,65535
930,891840,35541,40640,30914,34082,29360,25212,65535,65535
931,892800,35541,40640,30914,34082,29360,25212,65535,65535
932,893760,35541,40640,30914,34082,29360,25212,65535,65535
933,894720,35541,40640,30914,34082,29360,25212,65535,65535
934,895680,35541,40640,30914,34082,29360,25212,65535,65535
935,896640,35541,40640,30914,34082,29360,25212,65535,65535
936,897600,35541,40640,30914,34082,29360,25212,65535,65535
937,898560,35541,40640,30914,34082,29360,25212,65535,65535
938,899520,35541,40640,30914,34082,29360,25212,65535,65535
939,900480,35541,40640,30914,34082,29360,25212,65535,65535
940,901440,35541,40640,30914,34082,29360,25212,65535,65535
941,902400,35541,40640,30914,34082,29360,25212,65535,65535
942,903360,35541,40640,30914,34082,29360,25212,65535,65535
943,904320,35541,40640,30914,34082,29360,25212,65535,65535
944,905280,35541,40640,30914,34082,29360,25212,65535,65535
945,906240,35541,40640,30914,34082,29360,25212,65535,65535
946,907200,35541,40640,30914,34082,29360,25212,65535,65535
947,908160,35541,40640,30914,34082,29360,25212,65535,65535
948,909120,35541,40640,30914,34082,29360,25212,65535,65535
949,910080,35541,40640,30914,34082,29360,25212,65535,65535
950,911040,35541,40640,30914,34082,29360,25212,65535,65535
951,912000,35541,40640,30914,34082,29360,25212,65535,65535
952,912960,35541,40640,30914,34082,29360,25212,65535,65535
953,913920,35541,40640,30914,34082,29360,25212,65535,65535
954,914880,35541,40640,30914,34082,29360,25212,65535,65535
955,915840,35541,40640,30914,34082,29360,25212,65535,65535
956,916800,35541,40640,30914,34082,29360,25212,65535,65535
957,917760,35541,40640,30914,34082,29360,25212,65535,65535
958,918720,35541,40640,30914,34082,29360,25212,65535,65535
959,919680,35541,40640,30914,34082,29360,25212,65535,65535
960,920640,35541,40640,30914,34082,29360,25212,65535,65535
961,921600,35541,40640,30914,34082,29360,25212,65535,65535
962,922560,35541,40640,30914,34082,29360,25212,65535,65535
963,923520,35541,40640,30914,34082,29360,25212,65535,65535
964,924480,35541,40640,30914,34082,29360,25212,65535,65535
965,925440,35541,40640,30914,34082,29360,25212,65535,65535
966,926400,35541,40640,30914,34082,29360,25212,65535,65535
967,927360,35541,40640,30914,34082,29360,25212,65535,65535
968,928320,35541,40640,30914,34082,29360,25212,65535,65535
969,929280,35541,40640,30914,34082,29360,25212,65535,65535
970,930240,35541,40640,30914,34082,29360,25212,65535,65535
971,931200,35541,40640,30914,34082,29360,25212,65535,65535
972,932160,35541,40640,30914,34082,29360,25212,65535,65535
973,933120,35541,40640,30914,34082,29360,25212,65535,65535
974,934080,35541,40640,30914,34082,29360,25212,65535,65535
975,935040,35541,40640,30914,34082,29360,25212,65535,65535
976,936000,35541,40640,30914,34082,29360,25212,65535,65535
977,936960,35541,40640,30914,34082,29360,25212,65535,65535
978,937920,35541,40640,30914,34082,29360,25212,65535,65535
979,938880,35541,40640,30914,34082,29360,25212,65535,65535
980,939840,35541,40640,30914,34082,29360,25212,65535,65535
981,940800,35541,40640,30914,34082,29360,25212,65535,65535
982,941760,35541,40640,30914,34082,29360,25212,65535,65535
983,942720,35541,40640,30914,34082,29360,25212,65535,65535
984,943680,35541,40640,30914,34082,29360,25212,65535,65535
985,944640,35541,40640,30914,34082,29360,25212,65535,65535
986,945600,35541,40640,30914,34082,29360,25212,65535,65535
987,946560,35541,40640,30914,34082,29360,25212,65535,65535
988,947520,35541,40640,30914,34082,29360,25212,65535,65535
989,948480,35541,40640,30914,34082,29360,25212,65535,65535
990,949440,35541,40640,30914,34082,29360,25212,65535,65535
991,950400,35541,40640,30914,34082,29360,25212,65535,65535
992,951360,35541,40640,30914,34082,29360,25212,65535,65535
993,952320,35541,40640,30914,34082,29360,25212,65535,65535
994,953280,35541,40640,30914,34082,29360,25212,65535,65535
995,954240,35541,40640,30914,34082,29360,25212,65535,65535
996,955200,35541,40640,30914,34082,29360,25212,65535,65535
997,956160,35541,40640,30914,34082,29360,25212,65535,65535
998,957120,35541,40640,30914,34082,29360,25212,65535,65535
999,958080,35541,40640,30914,34082,29360,25212,65535,65535
1000,959040,35541,40640,30914,34082,29360,25212,65535,65535
1001,960000,35541,40640,30914,34082,29360,25212,65535,65535
1002,960960,35541,40640,30914,34082,29360,25212,65535,65535
1003,961920,35541,40640,30914,34082,29360,25212,65535,65535
1004,962880,35541,40640,30914,34082,29360,25212,65535,65535
1005,963840,35541,40640,30914,34082,29360,25212,65535,65535
1006,964800,35541,40640,30914,34082,29360,25212,65535,65535
1007,965760,35541,40640,30914,34082,29360,25212,65535,65535
1008,966720,35541,40640,30914,34082,29360,25212,65535,65535
1009,967680,35541,40640,30914,34082,29360,25212,65535,65535
1010,968640,35541,40640,30914,34082,29360,25212,65535,65535
1011,969600,35541,40640,30914,34082,29360,25212,65535,65535
1012,970560,35541,40640,30914,34082,29360,25212,65535,65535
1013,971520,35541,40640,30914,34082,29360,25212,65535,65535
1014,972480,35541,40640,30914,34082,29360,25212,65535,65535
1015,973440,35541,40640,30914,34082,29360,25212,65535,65535
1016,974400,35541,40640,30914,34082,29360,25212,65535,65535
1017,975360,35541,40640,30914,34082,29360,25212,65535,65535
1018,976320,35541,40640,30914,34082,29360,25212,65535,65535
1019,977280,35541,40640,30914,34082,29360,25212,65535,65535
1020,978240,35541,40640,30914,34082,29360,25212,65535,65535
1021,979200,35541,40640,30914,34082,29360,25212,65535,65535
1022,980160,35541,40640,30914,34082,29360,25212,65535,65535
1023,981120,35541,40640,30914,34082,29360,25212,65535,65535
1024,982080,35541,40640,30914,34082,29360,25212,65535,65535
1025,983040,35541,40640,30914,34082,29360,25212,65535,65535
1026,984000,35541,40640,30914,34082,29360,25212,65535,65535
1027,984960,35541,40640,30914,34082,29360,25212,65535,65535
1028,985920,35541,40640,30914,34082,29360,25212,65535,65535
1029,986880,35541,40640,30914,34082,29360,25212,65535,65535
1030,987840,35541,40640,30914,34082,29360,25212,65535,65535
1031,988800,35541,40640,30914,34082,29360,25212,65535,65535
1032,989760,35541,40640,30914,34082,29360,25212,65535,65535
1033,990720,35541,40640,30914,34082,29360,25212,65535,65535
1034,991680,35541,40640,30914,34082,29360,25212,65535,65535
1035,992640,35541,40640,30914,34082,29360,25212,65535,65535
1036,993600,35541,40640,30914,34082,29360,25212,65535,65535
1037,994560,35541,40640,30914,34082,29360,25212,65535,65535
1038,995520,35541,40640,30914,34082,29360,25212,65535,65535
1039,996480,35541,40640,30914,34082,29360,25212,65535,65535
1040,997440,35541,40640,30914,34082,29360,25212,65535,65535
1041,998400,35541,40640,30914,34082,29360,25212,65535,65535
1042,999360,35541,40640,30914,34082,29360,25212,65535,65535
