1,0,11482,52259,45938,22421,40781,23519,0,0
2,960,11556,51567,40316,27816,46329,18817,0,0
3,1920,13542,49174,34010,33656,50649,15371,0,0
4,2880,17260,45297,27587,39413,53352,13491,0,0
5,3840,22376,40285,21629,44567,54194,13349,0,0
6,4800,28426,34591,16673,48654,53099,14957,0,0
7,5760,34866,28729,13166,51304,50166,18169,0,0
8,6720,41113,23229,11425,52278,45659,22696,0,0
9,7680,46604,18586,11607,51488,39986,28128,0,0
10,8640,50844,15219,13695,49005,33658,33977,0,0
11,9600,53448,13433,17502,45054,27247,39713,0,0
12,10560,54183,13389,22683,39992,21331,44818,0,0
13,11520,52982,15091,28771,34274,16444,48833,0,0
14,12480,49953,18386,35216,28418,13029,51394,0,0
15,13440,45370,22975,41437,22952,11392,52271,0,0
16,14400,39646,28444,46871,18369,11682,51384,0,0
17,15360,33299,34300,51029,15084,13872,48813,0,0
18,16320,26901,40015,53534,13392,17766,44790,0,0
19,17280,21029,45072,54162,13446,23010,39679,0,0
20,18240,16215,49014,52854,15242,29133,33941,0,0
21,19200,12891,51487,49730,18618,35580,28094,0,0
22,20160,11359,52266,45071,23268,41771,22665,0,0
23,21120,11757,51282,39298,28773,47146,18145,0,0
24,22080,14049,48623,32932,34636,51221,14942,0,0
25,23040,18027,44529,26547,40327,53626,13345,0,0
26,24000,23333,39370,20720,45334,54146,13497,0,0
27,24960,29488,33611,15977,49204,52733,15387,0,0
28,25920,35936,27773,12747,51587,49515,18841,0,0
29,26880,42096,22383,11320,52269,44782,23550,0,0
30,27840,47410,17926,11825,51187,38962,29088,0,0
31,28800,51400,14805,14218,48441,32579,34955,0,0
32,29760,53704,13303,18281,44277,26211,40620,0,0
33,30720,54116,13554,23649,39071,20432,45574,0,0
34,31680,52598,15536,29836,33293,15763,49369,0,0
35,32640,49287,19070,36284,27466,12626,51661,0,0
36,33600,44482,23838,42411,22114,11305,52245,0,0
37,34560,38617,29407,47664,17722,11918,51068,0,0
38,35520,32220,35277,51569,14685,14411,48235,0,0
39,36480,25870,40917,53773,13278,18557,44003,0,0
40,37440,20140,45817,54077,13627,23984,38753,0,0
41,38400,15547,49536,52454,15702,30200,32960,0,0
42,39360,12506,51738,49050,19314,36646,27146,0,0
43,40320,11291,52224,44173,24139,42738,21836,0,0
44,41280,12011,50950,38263,29739,47927,17510,0,0
45,42240,14603,48032,31853,35611,51745,14558,0,0
46,43200,18831,43731,25522,41223,53847,13247,0,0
47,44160,24315,38438,19842,46069,54043,13695,0,0
48,45120,30558,32630,15324,49712,52316,15861,0,0
49,46080,36999,26830,12378,51822,48821,19550,0,0
50,47040,43054,21563,11269,52210,43874,24429,0,0
51,48000,48178,17304,12097,50840,37922,30057,0,0
52,48960,51908,14437,14787,47836,31501,35927,0,0
53,49920,53908,13222,19097,43469,25192,41509,0,0
54,50880,53996,13767,24638,38134,19564,46298,0,0
55,51840,52165,16025,30908,32311,15124,49863,0,0
56,52800,48580,19790,37343,26527,12275,51881,0,0
57,53760,43565,24723,43362,21304,11272,52171,0,0
58,54720,37572,30379,48420,17113,12207,50706,0,0
59,55680,31143,36247,52062,14332,14995,47618,0,0
60,56640,24857,41798,53959,13213,19385,43187,0,0
61,57600,19283,46530,53939,13856,24980,37811,0,0
62,58560,14923,50016,52004,16204,31274,31978,0,0
63,59520,12171,51942,48330,20045,37701,26212,0,0
64,60480,11276,52133,43246,25031,43679,21035,0,0
65,61440,12317,50573,37214,30713,48670,16914,0,0
66,62400,15202,47402,30777,36578,52222,14221,0,0
67,63360,19670,42906,24515,42096,54015,13199,0,0
68,64320,25317,37492,18995,46770,53887,13940,0,0
69,65280,31634,31648,14715,50177,51850,16377,0,0
70,66240,38050,25902,12061,52009,48087,20291,0,0
71,67200,43987,20771,11272,52102,42938,25328,0,0
72,68160,48908,16721,12421,50448,36869,31033,0,0
73,69120,52369,14115,15402,47194,30426,36892,0,0
74,70080,54057,13190,19948,42635,24192,42375,0,0
75,71040,53822,14028,25647,37183,18729,46988,0,0
76,72000,51682,16555,31985,31330,14530,50313,0,0
77,72960,47833,20542,38391,25604,11975,52052,0,0
78,73920,42620,25629,44285,20522,11294,52047,0,0
79,74880,36515,31357,49136,16543,12548,50298,0,0
80,75840,30069,37209,52506,14025,15625,46963,0,0
81,76800,23864,42656,54091,13197,20246,42344,0,0
82,77760,18460,47208,53747,14133,25995,36857,0,0
83,78720,14344,50452,51505,16749,32352,30998,0,0
84,79680,11889,52097,47569,20808,38744,25295,0,0
85,80640,11315,51993,42293,25943,44593,20264,0,0
86,81600,12675,50150,36154,31693,49372,16358,0,0
87,82560,15846,46735,29705,37536,52650,13930,0,0
88,83520,20542,42056,23529,42947,54129,13200,0,0
89,84480,26338,36534,18184,47436,53677,14232,0,0
90,85440,32712,30669,14151,50598,51335,16935,0,0
91,86400,39088,24990,11796,52148,47314,21064,0,0
92,87360,44891,20010,11330,51946,41977,26246,0,0
93,88320,49596,16178,12796,50010,35805,32013,0,0
94,89280,52779,13840,16061,46515,29357,37846,0,0
95,90240,54153,13207,20830,41776,23213,43217,0,0
96,91200,53594,14337,26674,36222,17929,47641,0,0
97,92160,51152,17127,33064,30353,13982,50719,0,0
98,93120,47047,21325,39424,24699,11728,52174,0,0
99,94080,41650,26553,45179,19771,11369,51874,0,0
100,95040,35449,32338,49811,16014,12940,49846,0,0
101,96000,29003,38159,52900,13766,16298,46273,0,0
102,96960,22894,43489,54169,13231,21139,41477,0,0
103,97920,17673,47849,53502,14457,27027,35892,0,0
104,98880,13812,50843,50959,17333,33431,30022,0,0
105,99840,11659,52202,46771,21600,39772,24396,0,0
106,100800,11409,51804,41316,26873,45477,19523,0,0
107,101760,13084,49683,35085,32674,50033,15843,0,0
108,102720,16533,46033,28641,38482,53027,13687,0,0
109,103680,21445,41181,22566,43771,54189,13250,0,0
110,104640,27376,35566,17409,48064,53415,14572,0,0
111,105600,33790,29695,13635,50974,50773,17533,0,0
112,106560,40110,24099,11584,52238,46504,21866,0,0
113,107520,45764,19281,11441,51741,40992,27180,0,0
114,108480,50242,15677,13221,49529,34734,32995,0,0
115,109440,53140,13613,16761,45801,28296,38787,0,0
116,110400,54195,13274,21743,40894,22259,44032,0,0
117,111360,53314,14691,27716,35251,17167,48257,0,0
118,112320,50575,17737,34142,29381,13481,51080,0,0
119,113280,46225,22136,40440,23814,11533,52247,0,0
120,114240,40658,27492,46042,19053,11499,51653,0,0
121,115200,34376,33320,50442,15527,13382,49350,0,0
122,116160,27946,39095,53243,13555,17012,45548,0,0
123,117120,21948,44295,54192,13314,22061,40588,0,0
124,118080,16924,48451,53204,14827,28074,34919,0,0
125,119040,13327,51188,50367,17957,34508,29053,0,0
126,120000,11482,52259,45938,22421,40782,23519,0,0
127,120960,11556,51566,40316,27816,46329,18817,0,0
128,121920,13542,49174,34010,33656,50649,15370,0,0
129,122880,17260,45296,27588,39413,53353,13491,0,0
130,123840,22376,40285,21629,44568,54195,13349,0,0
131,124800,28426,34591,16673,48654,53100,14957,0,0
132,125760,34866,28729,13166,51304,50166,18169,0,0
133,126720,41113,23228,11425,52278,45659,22695,0,0
134,127680,46604,18585,11607,51488,39986,28128,0,0
135,128640,50844,15219,13695,49005,33658,33977,0,0
136,129600,53448,13433,17502,45054,27247,39713,0,0
137,130560,54183,13389,22683,39992,21331,44818,0,0
138,131520,52982,15091,28771,34274,16445,48833,0,0
139,132480,49953,18386,35216,28418,13029,51394,0,0
140,133440,45370,22975,41437,22952,11392,52271,0,0
141,134400,39646,28444,46871,18369,11682,51384,0,0
142,135360,33299,34300,51029,15084,13873,48813,0,0
143,136320,26901,40015,53534,13392,17766,44790,0,0
144,137280,21029,45072,54162,13446,23010,39679,0,0
145,138240,16214,49014,52855,15242,29133,33941,0,0
146,139200,12891,51487,49730,18618,35580,28094,0,0
147,140160,11359,52266,45071,23268,41771,22665,0,0
148,141120,11757,51282,39298,28773,47146,18145,0,0
149,142080,14049,48623,32932,34636,51221,14942,0,0
150,143040,18027,44529,26547,40327,53626,13345,0,0
151,144000,23333,39370,20720,45334,54146,13497,0,0
152,144960,29488,33611,15978,49204,52733,15387,0,0
153,145920,35936,27773,12747,51587,49515,18842,0,0
154,146880,42096,22383,11320,52269,44782,23550,0,0
155,147840,47410,17926,11826,51187,38962,29088,0,0
156,148800,51399,14806,14218,48441,32579,34955,0,0
157,149760,53704,13303,18282,44277,26211,40621,0,0
158,150720,54116,13554,23649,39071,20432,45574,0,0
159,151680,52598,15536,29836,33294,15763,49369,0,0
160,152640,49287,19071,36284,27466,12627,51661,0,0
161,153600,44482,23838,42411,22115,11305,52245,0,0
162,154560,38616,29407,47665,17722,11919,51068,0,0
163,155520,32220,35277,51569,14685,14411,48235,0,0
164,156480,25870,40917,53773,13278,18558,44003,0,0
165,157440,20140,45817,54077,13627,23984,38753,0,0
166,158400,15547,49536,52454,15702,30200,32960,0,0
167,159360,12506,51738,49050,19314,36646,27146,0,0
168,160320,11290,52224,44173,24139,42738,21836,0,0
169,161280,12011,50950,38263,29739,47927,17510,0,0
170,162240,14602,48032,31853,35611,51745,14558,0,0
171,163200,18831,43732,25522,41223,53847,13247,0,0
172,164160,24314,38438,19842,46069,54044,13694,0,0
173,165120,30558,32630,15324,49712,52316,15860,0,0
174,166080,36998,26830,12378,51823,48821,19550,0,0
175,167040,43054,21563,11269,52210,43874,24429,0,0
176,168000,48178,17304,12097,50841,37922,30057,0,0
177,168960,51908,14437,14787,47837,31501,35927,0,0
178,169920,53907,13222,19097,43470,25192,41509,0,0
179,170880,53996,13767,24638,38134,19564,46298,0,0
180,171840,52165,16025,30908,32312,15125,49863,0,0
181,172800,48580,19790,37343,26528,12275,51881,0,0
182,173760,43564,24723,43362,21304,11273,52171,0,0
183,174720,37572,30379,48420,17113,12208,50705,0,0
184,175680,31143,36247,52062,14332,14996,47618,0,0
185,176640,24857,41798,53959,13213,19385,43186,0,0
186,177600,19283,46530,53939,13857,24980,37811,0,0
187,178560,14923,50016,52004,16205,31275,31978,0,0
188,179520,12171,51941,48329,20045,37701,26212,0,0
189,180480,11275,52133,43246,25031,43680,21035,0,0
190,181440,12317,50573,37214,30714,48670,16914,0,0
191,182400,15202,47402,30776,36579,52222,14221,0,0
192,183360,19670,42906,24515,42097,54015,13199,0,0
193,184320,25317,37492,18995,46770,53887,13940,0,0
194,185280,31634,31648,14715,50177,51850,16377,0,0
195,186240,38050,25901,12061,52010,48087,20291,0,0
196,187200,43986,20771,11272,52103,42939,25328,0,0
197,188160,48907,16720,12421,50448,36869,31033,0,0
198,189120,52368,14115,15402,47194,30426,36892,0,0
199,190080,54057,13190,19948,42636,24192,42375,0,0
200,191040,53821,14028,25647,37184,18729,46988,0,0
201,192000,51682,16555,31985,31331,14530,50313,0,0
202,192960,47832,20542,38391,25604,11975,52052,0,0
203,193920,42620,25629,44285,20522,11294,52047,0,0
204,194880,36515,31357,49136,16543,12548,50298,0,0
205,195840,30069,37208,52506,14026,15625,46963,0,0
206,196800,23864,42656,54090,13198,20246,42344,0,0
207,197760,18460,47207,53747,14133,25995,36857,0,0
208,198720,14344,50451,51505,16749,32352,30998,0,0
209,199680,11158,52993,47652,20749,39392,24457,0,0
210,200640,9971,53354,41937,26506,46294,18340,0,0
211,201600,11390,51416,34804,33261,52007,13523,0,0
212,202560,15304,47375,27142,40368,55755,10458,0,0
213,203520,21104,41365,19851,47078,57245,9758,0,0
214,204480,28327,34200,13646,52512,56225,11490,0,0
215,205440,36280,26683,9212,56049,52705,15470,0,0
216,206400,44048,19472,7077,57326,47072,21404,0,0
217,207360,50850,13339,7491,56170,39855,28694,0,0
218,208320,56035,9024,10415,52580,31746,36598,0,0
219,209280,59025,6959,15617,46906,23554,44335,0,0
220,210240,59468,7346,22632,39702,16096,51152,0,0
221,211200,57328,10256,30763,31605,10105,56338,0,0
222,212160,52763,15436,39250,23410,6184,59352,0,0
223,213120,46160,22395,47287,15925,4751,59877,0,0
224,214080,38156,30513,54078,9877,5965,57806,0,0
225,215040,29499,39023,58956,5864,9746,53309,0,0
226,216000,20999,47101,61438,4316,15764,46780,0,0
227,216960,13476,53970,61265,5414,23461,38813,0,0
228,217920,7659,58971,58419,9071,32125,30155,0,0
229,218880,4104,61600,53154,14978,40944,21620,0,0
230,219840,3163,61585,45953,22597,49086,14018,0,0
231,220800,4945,58914,37474,31218,55783,8069,0,0
232,221760,9291,53816,28508,40041,60402,4344,0,0
233,222720,15805,46754,19888,48248,62507,3201,0,0
234,223680,23896,38377,12410,55070,61893,4756,0,0
235,224640,32817,29453,6769,59873,58612,8877,0,0
236,225600,41752,20802,3486,62210,52959,15191,0,0
237,226560,49883,13216,2868,61862,45446,23125,0,0
238,227520,56466,7393,4973,58851,36757,31958,0,0
239,228480,60897,3866,9618,53446,27680,40889,0,0
240,229440,62771,2963,16385,46134,19040,49104,0,0
241,230400,61910,4774,24662,37571,11624,55855,0,0
242,231360,58384,9141,33704,28532,6108,60525,0,0
243,232320,52508,15677,42692,19837,2998,62683,0,0
244,233280,44808,23796,50806,12276,2585,62124,0,0
245,234240,35977,32765,57309,6541,4913,58890,0,0
246,235200,26817,41773,61603,3159,9780,53264,0,0
247,236160,18160,49999,63292,2446,16750,45752,0,0
248,237120,10795,56692,62213,4475,25194,37029,0,0
249,238080,5396,61238,58460,9071,34346,27889,0,0
250,239040,2458,63219,52369,15820,43376,19160,0,0
251,240000,2253,62448,44489,24113,51461,11639,0,0
252,240960,4802,58991,35535,33198,57865,6012,0,0
253,241920,9877,53159,26318,42252,62005,2791,0,0
254,242880,17020,45479,17676,50452,63504,2272,0,0
255,243840,25584,36646,10390,57055,62225,4502,0,0
256,244800,34795,27458,5121,61464,58282,9283,0,0
257,245760,43820,18745,2345,63278,52032,16181,0,0
258,246720,51844,11295,2314,62333,44038,24575,0,0
259,247680,58143,5781,5032,58713,35021,33709,0,0
260,248640,62147,2699,10255,52743,25794,42759,0,0
261,249600,63495,2331,17513,44961,17188,50909,0,0
262,250560,62062,4710,26154,36065,9981,57424,0,0
263,251520,57975,9626,35399,26856,4823,61715,0,0
264,252480,51600,16639,44416,18165,2182,63393,0,0
265,253440,43509,25118,52389,10776,2301,62302,0,0
266,254400,34431,34301,58598,5358,5171,58537,0,0
267,255360,25185,43358,62479,2404,10537,52434,0,0
268,256320,16607,51471,63678,2183,17917,44541,0,0
269,257280,9472,57906,62083,4721,26647,35570,0,0
270,258240,4429,62079,57836,9790,35938,26329,0,0
271,259200,1935,63608,51317,16937,44950,17654,0,0
272,260160,2218,62354,43116,25515,52869,10331,0,0
273,261120,5255,58427,33971,34751,58976,5023,0,0
274,262080,10773,52181,24709,43811,62719,2211,0,0
275,263040,18274,44177,16168,51875,63758,2150,0,0
276,264000,27081,35140,9118,58216,61999,4848,0,0
277,264960,36401,25883,4197,62260,57600,10061,0,0
278,265920,45392,17242,1850,63641,50955,17321,0,0
279,266880,53242,9996,2289,62234,42665,25973,0,0
280,267840,59244,4799,5476,58164,33476,35238,0,0
281,268800,62855,2121,11125,51797,24216,44282,0,0
282,269760,63748,2205,18728,43706,15720,52288,0,0
283,270720,61841,5045,27600,34618,8755,58535,0,0
284,271680,57304,10387,36943,25352,3950,62458,0,0
285,272640,50543,17752,45914,16744,1741,63701,0,0
286,273600,42168,26477,53702,9570,2329,62149,0,0
287,274560,32932,35776,59605,4479,5664,57940,0,0
288,275520,23669,44811,63086,1934,11446,51451,0,0
289,276480,15215,52766,63830,2165,19157,43265,0,0
290,277440,8334,58922,61767,5156,28101,34119,0,0
291,278400,3650,62720,57081,10638,37471,24840,0,0
292,279360,1587,63816,50194,18119,46422,16264,0,0
293,280320,2334,62109,41725,26924,54143,9167,0,0
294,281280,5824,57750,32439,36260,59938,4191,0,0
295,282240,11745,51131,23174,45284,63281,1787,0,0
296,283200,19563,42849,14767,53181,63870,2172,0,0
297,284160,28572,33650,7977,59238,61649,5315,0,0
298,285120,37962,24364,3418,62906,56818,10933,0,0
299,286080,46883,15829,1502,63854,49812,18521,0,0
300,287040,54531,8814,2404,61995,41261,27394,0,0
301,288000,60216,3954,6044,57494,31936,36754,0,0
302,288960,63422,1688,12094,50757,22679,45756,0,0
303,289920,63860,2222,20011,42388,14324,53589,0,0
304,290880,61488,5511,29082,33143,7627,59545,0,0
305,291840,56518,11258,38488,23854,3191,63085,0,0
306,292800,49398,18949,47380,15359,1420,63888,0,0
307,293760,40767,27891,54957,8425,2475,61880,0,0
308,294720,31404,37277,60533,3680,6263,57239,0,0
309,295680,22154,46260,63603,1553,12444,50382,0,0
310,296640,13852,54031,63888,2239,20462,41927,0,0
311,297600,7248,59886,61360,5677,29594,32634,0,0
312,298560,2941,63295,56246,11561,39016,23342,0,0
313,299520,1319,63948,49006,19360,47878,14891,0,0
314,300480,2533,61785,40291,28371,55378,8044,0,0
315,301440,6473,56999,30889,37783,60839,3420,0,0
316,302400,12786,50020,21648,46745,63767,1438,0,0
317,303360,20902,41477,13402,54449,63895,2278,0,0
318,304320,30091,32139,6896,60198,61211,5867,0,0
319,305280,39523,22850,2719,63472,55955,11882,0,0
320,306240,48347,14447,1248,63974,48601,19782,0,0
321,307200,55766,7689,2618,61658,39811,28855,0,0
322,308160,61110,3187,6708,56731,30378,38284,0,0
323,309120,63895,1349,13148,49635,21152,47217,0,0
324,310080,63869,2342,21360,41010,12967,54848,0,0
325,311040,61032,6078,30603,31632,6562,60488,0,0
326,312000,55638,12223,40043,22348,2516,63627,0,0
327,312960,48174,20223,48829,13995,1196,63979,0,0
328,313920,39310,29357,56167,7328,2722,61512,0,0
329,314880,29848,38802,61394,2949,6959,56444,0,0
330,315840,20640,47706,64036,1257,13526,49233,0,0
331,316800,12518,55265,63853,2404,21831,40528,0,0
332,317760,6216,60795,60860,6290,31126,31113,0,0
333,318720,2305,63796,55326,12565,40572,21838,0,0
334,319680,1138,63995,47749,20665,49315,13540,0,0
335,320640,2823,61372,38812,29860,56567,6968,0,0
336,321600,7209,56163,29320,39320,61671,2718,0,0
337,322560,13902,48837,20132,48192,64166,1174,0,0
338,323520,22297,40052,12076,55674,63825,2478,0,0
339,324480,31640,30602,5880,61090,60678,6512,0,0
340,325440,41085,21339,2106,63950,55006,12915,0,0
341,326400,49782,13099,1093,63995,47322,21110,0,0
342,327360,56943,6626,2936,61219,38316,30358,0,0
343,328320,61923,2506,7469,55871,28803,39825,0,0
344,329280,64270,1111,14285,48432,19640,48658,0,0
345,330240,63771,2569,22770,39573,11655,56058,0,0
346,331200,60471,6751,32157,30091,5569,61356,0,0
347,332160,54664,13279,41601,20844,1932,64074,0,0
348,333120,46875,21567,50249,12664,1075,63965,0,0
349,334080,37806,30868,57319,6292,3075,61037,0,0
350,335040,28273,40341,62173,2303,7754,55552,0,0
351,336000,19139,49134,64372,1058,14691,48004,0,0
352,336960,11228,56450,63714,2673,23260,39073,0,0
353,337920,5254,61630,60259,7002,32689,29565,0,0
354,338880,1759,64204,54317,13656,42127,20338,0,0
355,339840,1058,63939,46424,22037,50721,12224,0,0
356,340800,3216,60856,37290,31387,57696,5957,0,0
357,341760,8040,55234,27740,40864,62420,2104,0,0
358,342720,15096,47578,18637,49612,64467,1013,0,0
359,343680,23747,38577,10801,56842,63650,2784,0,0
360,344640,33213,29045,4942,61900,60042,7259,0,0
361,345600,42640,19841,1589,64328,53968,14035,0,0
362,346560,51177,11796,1045,63906,45974,22502,0,0
363,347520,58052,5637,3362,60670,36782,31896,0,0
364,348480,62644,1920,8330,54912,27221,41369,0,0
365,349440,64539,982,15503,47150,18154,50068,0,0
366,350400,63563,2910,24234,38084,10399,57205,0,0
367,351360,59804,7529,33735,28531,4658,62137,0,0
368,352320,53599,14426,43150,19354,1449,64417,0,0
369,353280,45509,22978,51627,11380,1064,63838,0,0
370,354240,36262,32414,58401,5331,3537,60451,0,0
371,355200,26693,41882,62861,1753,8647,54561,0,0
372,356160,17666,50529,64602,970,15934,46698,0,0
373,357120,9995,57573,63466,3054,24741,37570,0,0
374,358080,4375,62377,59555,7818,34273,28002,0,0
375,359040,1313,64508,53221,14834,43669,18857,0,0
376,360000,1086,63771,45034,23469,52082,10961,0,0
377,360960,3717,60232,35734,32944,58752,5026,0,0
378,361920,8968,54209,26159,42404,63075,1589,0,0
379,362880,16366,46245,17173,50995,64661,963,0,0
380,363840,25245,37059,9589,57942,63365,3203,0,0
381,364800,34803,27478,4091,62617,59304,8110,0,0
382,365760,44177,18367,1177,64596,52843,15240,0,0
383,366720,52522,10550,1110,63701,44565,23952,0,0
384,367680,59083,4732,3897,60011,35216,33460,0,0
385,368640,63267,1438,9287,53858,25641,42905,0,0
386,369600,64697,968,16796,45796,16703,51435,0,0
387,370560,63242,3365,25745,36554,9209,58281,0,0
388,371520,59033,8413,35327,26963,3837,62822,0,0
389,372480,52448,15657,44678,17891,1072,64649,0,0
390,373440,44082,24445,52953,10156,1165,63595,0,0
391,374400,34689,33984,59404,4456,4108,59756,0,0
392,375360,25117,43412,63449,1308,9636,53476,0,0
393,376320,16230,51879,64722,996,17250,45321,0,0
394,377280,8830,58621,63107,3548,26265,36028,0,0
395,378240,3586,63027,58750,8737,35867,26434,0,0
396,379200,973,64700,52042,16093,45189,17406,0,0
397,380160,1226,63488,43588,24954,53389,9758,0,0
398,381120,4323,59499,34152,34520,59726,4182,0,0
399,382080,9986,53093,24585,43928,63629,1181,0,0
400,383040,17705,44847,15751,52329,64744,1027,0,0
401,384000,26782,35505,8447,58964,62970,3735,0,0
402,384960,36399,25909,3333,63234,58466,9060,0,0
403,385920,45687,16927,872,64752,51638,16524,0,0
404,386880,53808,9369,1285,63381,43102,25453,0,0
405,387840,60030,3917,4537,59244,33629,35041,0,0
406,388800,63788,1065,10335,52714,24072,44423,0,0
407,389760,64745,1070,18156,44378,15296,52752,0,0
408,390720,62812,3932,27293,34991,8092,59276,0,0
409,391680,58163,9394,36924,25397,3111,63406,0,0
410,392640,51218,16964,46177,16464,803,64768,0,0
411,393600,42604,25959,54219,8998,1377,63239,0,0
412,394560,33096,35567,60322,3673,4782,58955,0,0
413,395520,23554,44921,63936,971,10711,52304,0,0
414,396480,14839,53176,64733,1135,18630,43885,0,0
415,397440,7738,59588,62641,4152,27824,34457,0,0
416,398400,2892,63576,57849,9749,37462,24872,0,0
417,399360,739,64782,50787,17424,46676,15994,0,0
418,400320,1474,63094,42095,26482,54634,8625,0,0
419,401280,5031,58665,32555,36106,60615,3430,0,0
420,402240,11090,51894,23029,45429,64082,880,0,0
421,403200,19104,43392,14377,53607,64719,1203,0,0
422,404160,28349,33926,7380,59904,62469,4373,0,0
423,405120,37993,24350,2670,63750,57535,10103,0,0
424,406080,47163,15529,673,64797,50361,17877,0,0
425,407040,55032,8259,1569,62951,41595,26992,0,0
426,408000,60890,3196,5277,58378,32028,36628,0,0
427,408960,64207,798,11465,51490,22523,45913,0,0
428,409920,64684,1282,19573,42908,13939,54010,0,0
429,410880,62277,4604,28869,33406,7050,60188,0,0
430,411840,57203,10465,38515,23843,2479,63889,0,0
431,412800,49920,18337,47641,15082,638,64777,0,0
432,413760,41084,27509,55421,7913,1695,62774,0,0
433,414720,31493,37154,61154,2984,5553,58058,0,0
434,415680,22014,46400,64322,739,11866,51056,0,0
435,416640,13500,54414,64638,1383,20064,42399,0,0
436,417600,6723,60471,62074,4857,29406,32868,0,0
437,418560,2292,64026,56860,10848,39051,23324,0,0
438,419520,609,64756,49468,18816,48126,14627,0,0
439,420480,1826,62595,40563,28042,55813,7564,0,0
440,421440,5833,57738,30950,37693,61418,2771,0,0
441,422400,12269,50623,21497,46897,64434,682,0,0
442,423360,20554,41892,13056,54825,64590,1486,0,0
443,424320,29939,32333,6390,60760,61870,5110,0,0
444,425280,39577,22809,2101,64167,56519,11228,0,0
445,426240,48599,14179,576,64737,49021,19287,0,0
446,427200,56190,7222,1953,62419,40053,28561,0,0
447,428160,61664,2568,6109,57422,30423,38212,0,0
448,429120,64528,635,12667,50196,21000,47370,0,0
449,430080,64522,1598,21037,41394,12636,55207,0,0
450,431040,61647,5372,30464,31810,6086,61016,0,0
451,432000,56162,11615,40095,22309,1941,64273,0,0
452,432960,48561,19765,49063,13749,575,64683,0,0
453,433920,39532,29085,56556,6901,2112,62209,0,0
454,434880,29888,38736,61899,2386,6413,57074,0,0
455,435840,20500,47844,64610,609,13091,49742,0,0
456,436800,12216,55589,64443,1733,21543,40874,0,0
457,437760,5784,61271,61413,5655,31006,31270,0,0
458,438720,1784,64378,55793,12023,40625,21798,0,0
459,439680,578,64628,48091,20260,49534,13311,0,0
460,440640,2274,61998,39002,29625,56926,6577,0,0
461,441600,6720,56727,29345,39271,62135,2204,0,0
462,442560,13515,49289,19994,48329,64691,585,0,0
463,443520,22045,40356,11791,55979,64363,1868,0,0
464,444480,31541,30733,5477,61533,61179,5937,0,0
465,445440,41146,21291,1623,64488,55428,12425,0,0
466,446400,49991,12880,577,64577,47628,20746,0,0
467,447360,57280,6260,2432,61793,38483,30150,0,0
468,448320,62353,2029,7023,56386,28819,39787,0,0
469,449280,64754,569,13934,48844,19508,48787,0,0
470,450240,64264,2011,22542,39848,11390,56339,0,0
471,451200,60928,6226,32070,30210,5199,61761,0,0
472,452160,55047,12834,41658,20800,1492,64563,0,0
473,453120,47152,21237,50440,12467,606,64491,0,0
474,454080,37955,30679,57624,5964,2620,61553,0,0
475,455040,28287,40305,62561,1877,7353,56014,0,0
476,456000,19019,49248,64805,575,14377,48372,0,0
477,456960,10990,56700,64154,2177,23058,39319,0,0
478,457920,4922,61989,60666,6537,32614,29671,0,0
479,458880,1366,64637,54656,13263,42181,20299,0,0
480,459840,640,64405,46667,21746,50895,12048,0,0
481,460800,2812,61314,37419,31222,57971,5664,0,0
482,461760,7685,55642,27747,40836,62769,1724,0,0
483,462720,14820,47902,18524,49719,64856,582,0,0
484,463680,23572,38792,10583,57069,64044,2342,0,0
485,464640,33151,29135,4641,62224,60406,6845,0,0
486,465600,42693,19801,1233,64717,54270,13685,0,0
487,466560,51337,11635,669,64324,46190,22244,0,0
488,467520,58302,5372,2999,61080,36895,31750,0,0
489,468480,62960,1578,8012,55278,27224,41345,0,0
490,469440,64889,595,15256,47441,18050,50163,0,0
491,470400,63916,2514,24078,38277,10202,57408,0,0
492,471360,60129,7159,33681,28613,4387,62425,0,0
493,472320,53868,14112,43198,19321,1131,64763,0,0
494,473280,45700,22746,51770,11240,728,64209,0,0
495,474240,36361,32282,58624,5099,3214,60814,0,0
496,475200,26695,41857,63141,1453,8365,54885,0,0
497,476160,17574,50609,64912,631,15716,46955,0,0
498,477120,9821,57747,63778,2707,24603,37742,0,0
499,478080,4136,62627,59842,7494,34225,28076,0,0
500,479040,1032,64809,53457,14559,43713,18831,0,0
501,480000,791,64094,45202,23266,52210,10839,0,0
502,480960,3433,60549,35820,32827,58949,4824,0,0
503,481920,8720,54492,26159,42381,63322,1328,0,0
504,482880,16175,46471,17090,51065,64935,666,0,0
505,483840,25125,37209,9433,58095,63641,2899,0,0
506,484800,34762,27543,3879,62836,59557,7824,0,0
507,485760,44217,18344,928,64860,53052,14998,0,0
508,486720,52635,10444,848,63986,44713,23773,0,0
509,487680,59258,4555,3645,60290,35292,33356,0,0
510,488640,63486,1209,9068,54108,25641,42883,0,0
511,489600,64939,708,16627,45997,16629,51494,0,0
512,490560,63485,3097,25639,36689,9072,58412,0,0
513,491520,59256,8161,35291,27024,3650,63012,0,0
514,492480,52632,15442,44712,17875,853,64878,0,0
515,493440,44212,24284,53052,10068,935,63843,0,0
516,494400,34756,33888,59557,4307,3887,60000,0,0
517,495360,25117,43388,63641,1112,9443,53696,0,0
518,496320,16166,51925,64934,771,17101,45499,0,0
519,497280,8710,58730,63320,3317,26172,36150,0,0
520,498240,3423,63188,58945,8518,35835,26492,0,0
521,499200,782,64896,52203,15905,45218,17397,0,0
522,500160,1025,63701,43703,24812,53475,9686,0,0
523,501120,4130,59711,34212,34434,59860,4056,0,0
524,502080,9818,53284,24586,43904,63796,1013,0,0
525,503040,17574,45003,15696,52366,64929,834,0,0
526,504000,26699,35613,8342,59056,63156,3534,0,0
527,504960,36370,25962,3190,63371,58637,8869,0,0
528,505920,45712,16923,704,64921,51780,16359,0,0
529,506880,53884,9309,1109,63567,43203,25326,0,0
530,507840,60146,3810,4367,59429,33681,34962,0,0
531,508800,63935,920,10186,52883,24074,44397,0,0
532,509760,64907,902,18040,44518,15248,52779,0,0
533,510720,62975,3757,27220,35089,8001,59352,0,0
534,511680,58314,9226,36897,25449,2986,63522,0,0
535,512640,51343,16817,46198,16466,656,64913,0,0
536,513600,42693,25845,54284,8952,1222,63399,0,0
537,514560,33144,35493,60424,3585,4633,59117,0,0
538,515520,23557,44893,64064,849,10580,52453,0,0
539,516480,14799,53194,64875,992,18528,44009,0,0
540,517440,7659,59649,62785,4001,27758,34547,0,0
541,518400,2783,63673,57981,9603,37438,24921,0,0
542,519360,611,64904,50898,17294,46694,16000,0,0
543,520320,1338,63231,42174,26379,54690,8589,0,0
544,521280,4900,58805,32598,36039,60704,3357,0,0
545,522240,10974,52025,23032,45400,64194,777,0,0
546,523200,19013,43503,14342,53620,64844,1080,0,0
547,524160,28291,34008,7311,59954,62596,4241,0,0
548,525120,37970,24397,2574,63832,57652,9974,0,0
549,526080,47177,15539,559,64904,50459,17761,0,0
550,527040,55081,8231,1448,63072,41666,26899,0,0
551,528000,60968,3135,5160,58502,32067,36564,0,0
552,528960,64307,710,11361,51607,22527,45884,0,0
553,529920,64796,1174,19491,43008,13909,54016,0,0
554,530880,62390,4488,28816,33483,6989,60228,0,0
555,531840,57308,10350,38494,23890,2394,63957,0,0
556,532800,50008,18232,47653,15095,537,64868,0,0
557,533760,41148,27423,55464,7893,1587,62879,0,0
558,534720,31528,37094,61223,2933,5448,58168,0,0
559,535680,22017,46370,64410,664,11773,51161,0,0
560,536640,13474,54415,64738,1290,19991,42490,0,0
561,537600,6668,60503,62175,4755,29358,32939,0,0
562,538560,2216,64084,56955,10745,39032,23368,0,0
563,539520,518,64835,49547,18722,48137,14642,0,0
564,540480,1728,62688,40621,27963,55852,7549,0,0
565,541440,5738,57836,30982,37636,61481,2728,0,0
566,542400,12185,50718,21500,46868,64515,616,0,0
567,543360,20487,41976,13031,54824,64681,1403,0,0
568,544320,29895,32399,6340,60787,61962,5017,0,0
569,545280,39560,22851,2031,64219,56606,11134,0,0
570,546240,48609,14194,492,64809,49094,19200,0,0
571,547200,56226,7211,1863,62504,40106,28487,0,0
572,548160,61723,2530,6021,57513,30451,38159,0,0
573,549120,64603,575,12589,50285,21003,47340,0,0
574,550080,64607,1522,20976,41473,12613,55204,0,0
575,551040,61733,5286,30424,31873,6039,61039,0,0
576,552000,56242,11528,40080,22350,1875,64319,0,0
577,552960,48629,19683,49073,13765,496,64748,0,0
578,553920,39581,29016,56591,6892,2027,62288,0,0
579,554880,29914,38685,61955,2352,6331,57159,0,0
580,555840,20502,47816,64681,554,13018,49825,0,0
581,556800,12193,55586,64523,1662,21486,40948,0,0
582,557760,5739,61293,61495,5575,30969,31329,0,0
583,558720,1721,64422,55869,11941,40612,21836,0,0
584,559680,502,64690,48155,20183,49545,13326,0,0
585,560640,2194,62073,39047,29560,56961,6568,0,0
586,561600,6642,56807,29369,39224,62190,2170,0,0
587,562560,13446,49368,19993,48303,64761,532,0,0
588,563520,21992,40426,11766,55978,64440,1800,0,0
589,564480,31508,30789,5431,61555,61258,5860,0,0
590,565440,41135,21326,1560,64531,55501,12346,0,0
591,566400,50005,12893,502,64638,47688,20672,0,0
592,567360,57316,6249,2353,61866,38526,30087,0,0
593,568320,62409,1995,6946,56464,28840,39742,0,0
594,569280,64823,515,13867,48921,19505,48764,0,0
595,570240,64341,1943,22491,39916,11363,56340,0,0
596,571200,61006,6150,32039,30263,5151,61785,0,0
597,572160,55119,12756,41650,20833,1428,64607,0,0
598,573120,47210,21166,50456,12477,531,64553,0,0
599,574080,37995,30619,57662,5950,2542,61626,0,0
600,575040,28304,40263,62618,1841,7278,56091,0,0
601,576000,19013,49228,64876,520,14312,48447,0,0
602,576960,10960,56704,64232,2108,23010,39384,0,0
603,577920,4872,62016,60744,6461,32586,29720,0,0
604,578880,1299,64685,54727,13186,42176,20327,0,0
605,579840,564,64469,46723,21676,50915,12054,0,0
606,580800,2733,61388,37456,31166,58013,5646,0,0
607,581760,7610,55720,27761,40798,62830,1683,0,0
608,582720,14756,47976,18514,49703,64930,523,0,0
609,583680,23525,38855,10549,57078,64124,2269,0,0
610,584640,33126,29181,4586,62256,60485,6766,0,0
611,585600,42693,19826,1163,64770,54340,13607,0,0
612,586560,51361,11636,589,64393,46245,22174,0,0
613,587520,58349,5348,2917,61158,36929,31695,0,0
614,588480,63025,1532,7935,55358,27235,41310,0,0
615,589440,64967,531,15192,47516,18036,50152,0,0
616,590400,64000,2437,24032,38340,10163,57421,0,0
617,591360,60210,7077,33658,28657,4328,62463,0,0
618,592320,53940,14033,43201,19342,1056,64821,0,0
619,593280,45755,22677,51799,11236,644,64283,0,0
620,594240,36394,32229,58676,5070,3129,60896,0,0
621,595200,26703,41826,63211,1402,8287,54967,0,0
622,596160,17555,50603,64994,562,15652,47031,0,0
623,597120,9777,57767,63865,2626,24560,37803,0,0
624,598080,4071,62671,59925,7409,34206,28117,0,0
625,599040,952,64873,53530,14479,43720,18846,0,0
626,600000,702,64173,45256,23197,52244,10829,0,0
627,600960,3344,60635,35850,32778,59006,4788,0,0
628,601920,8639,54577,26163,42355,63398,1269,0,0
629,602880,16110,46547,17067,51066,65023,589,0,0
630,603840,25082,37269,9384,58122,63732,2812,0,0
631,604800,34746,27580,3807,62888,59643,7735,0,0
632,605760,44229,18355,841,64933,53125,14915,0,0
633,606720,52675,10426,754,64072,44766,23703,0,0
634,607680,59322,4511,3553,60383,35320,33308,0,0
635,608640,63569,1141,8985,54198,25640,42861,0,0
636,609600,65033,623,16562,46075,16600,51501,0,0
637,610560,63582,3003,25598,36748,9015,58447,0,0
638,611520,59346,8066,35279,27058,3572,63072,0,0
639,612480,52707,15356,44730,17881,760,64959,0,0
640,613440,44265,24214,53098,10044,835,63937,0,0
641,614400,34782,33842,59629,4255,3789,60098,0,0
642,615360,25112,43370,63731,1036,9357,53788,0,0
643,616320,16131,51938,65035,679,17036,45578,0,0
644,617280,8647,58772,63423,3216,26132,36207,0,0
645,618240,3337,63257,59039,8419,35825,26521,0,0
646,619200,681,64985,52280,15817,45241,17396,0,0
647,620160,918,63802,43756,24743,53528,9654,0,0
648,621120,4028,59814,34235,34392,59938,3994,0,0
649,622080,9729,53381,24577,43892,63894,928,0,0
650,623040,17507,45083,15654,52387,65037,733,0,0
651,624000,26661,35668,8272,59108,63264,3426,0,0
652,624960,36364,25988,3097,63450,58736,8765,0,0
653,625920,45740,16915,596,65020,51859,16267,0,0
654,626880,53943,9269,996,63676,43256,25257,0,0
655,627840,60232,3739,4260,59540,33702,34922,0,0
656,628800,64040,826,10095,52984,24060,44390,0,0
657,629760,65022,792,17973,44600,15200,52807,0,0
658,630720,63089,3641,27183,35144,7923,59412,0,0
659,631680,58416,9116,36895,25471,2885,63609,0,0
660,632640,51424,16723,46232,16453,541,65020,0,0
661,633600,42745,25775,54350,8904,1103,63516,0,0
662,634560,33161,35456,60518,3506,4521,59233,0,0
663,635520,23538,44891,64177,746,10486,52557,0,0
664,636480,14744,53229,64997,874,18460,44092,0,0
665,637440,7574,59717,62904,3879,27724,34600,0,0
666,638400,2674,63770,58087,9489,37440,24938,0,0
667,639360,488,65020,50981,17198,46733,15979,0,0
668,640320,1213,63356,42225,26311,54763,8532,0,0
669,641280,4783,58927,32612,36005,60806,3268,0,0
670,642240,10877,52133,23008,45405,64314,664,0,0
671,643200,18945,43586,14281,53663,64973,954,0,0
672,644160,28258,34058,7218,60032,62721,4112,0,0
673,645120,37976,24409,2458,63939,57762,9855,0,0
674,646080,47223,15511,429,65029,50543,17663,0,0
675,647040,55162,8165,1317,63205,41716,26831,0,0
676,648000,61077,3037,5039,58631,32078,36534,0,0
677,648960,64435,587,11262,51719,22498,45894,0,0
678,649920,64931,1039,19423,43093,13841,54067,0,0
679,650880,62520,4352,28786,33531,6889,60315,0,0
680,651840,57421,10226,38505,23898,2270,64073,0,0
681,652800,50093,18132,47704,15061,401,65003,0,0
682,653760,41197,27356,55552,7819,1450,63019,0,0
683,654720,31536,37066,61340,2826,5323,58302,0,0
684,655680,21983,46386,64546,533,11672,51276,0,0
685,656640,13400,54473,64879,1147,19923,42575,0,0
686,657600,6561,60599,62310,4613,29331,32985,0,0
687,658560,2084,64208,57071,10618,39047,23371,0,0
688,659520,374,64977,49633,18620,48194,14601,0,0
689,660480,1586,62835,40669,27898,55947,7467,0,0
690,661440,5609,57974,30987,37614,61605,2613,0,0
691,662400,12082,50835,21461,46890,64657,477,0,0
692,663360,20419,42060,12951,54890,64828,1252,0,0
693,664320,29870,32442,6226,60891,62102,4870,0,0
694,665280,39579,22848,1892,64352,56724,11002,0,0
695,666240,48672,14146,342,64959,49181,19097,0,0
696,667200,56327,7120,1716,62658,40152,28424,0,0
697,668160,61854,2405,5889,57656,30452,38140,0,0
698,669120,64752,427,12485,50404,20958,47369,0,0
699,670080,64760,1364,20909,41557,12526,55277,0,0
700,671040,61877,5133,30401,31913,5918,61151,0,0
701,672000,56363,11393,40104,22343,1730,64461,0,0
702,672960,48715,19579,49142,13710,340,64906,0,0
703,673920,39625,28954,56699,6794,1875,62447,0,0
704,674880,29911,38669,62093,2219,6196,57306,0,0
705,675840,20452,47850,64836,399,12913,49946,0,0
706,676800,12100,55666,64681,1498,21420,41031,0,0
707,677760,5611,61413,61641,5418,30950,31366,0,0
708,678720,1569,64570,55991,11804,40641,21823,0,0
709,679680,341,64854,48241,20080,49620,13264,0,0
710,680640,2037,62238,39089,29500,57075,6462,0,0
711,681600,6504,56957,29362,39213,62334,2030,0,0
712,682560,13340,49489,19938,48343,64921,370,0,0
713,683520,21928,40507,11667,56065,64603,1630,0,0
714,684480,31491,30822,5297,61683,61408,5698,0,0
715,685440,41168,21308,1403,64688,55625,12207,0,0
716,686400,50085,12824,336,64809,47774,20569,0,0
717,687360,57436,6136,2193,62036,38565,30030,0,0
718,688320,62558,1848,6807,56617,28829,39736,0,0
719,689280,64989,346,13761,49043,19445,48810,0,0
720,690240,64508,1768,22428,39996,11259,56434,0,0
721,691200,61158,5985,32026,30293,5012,61919,0,0
722,692160,55243,12616,41688,20810,1266,64770,0,0
723,693120,47295,21063,50542,12403,361,64729,0,0
724,694080,38032,30564,57788,5831,2379,61800,0,0
725,695040,28290,40261,62773,1687,7137,56247,0,0
726,696000,18948,49280,65046,345,14206,48570,0,0
727,696960,10850,56805,64402,1928,22949,39463,0,0
728,697920,4727,62157,60899,6292,32576,29747,0,0
729,698880,1132,64854,54851,13044,42219,20300,0,0
730,699840,389,64650,46807,21575,51006,11974,0,0
731,700800,2567,61565,37490,31114,58144,5521,0,0
732,701760,7468,55877,27742,40800,62990,1523,0,0
733,702720,14650,48099,18444,49760,65105,343,0,0
734,703680,23466,38932,10434,57185,64297,2086,0,0
735,704640,33120,29204,4436,62403,60641,6596,0,0
736,705600,42739,19793,992,64944,54465,13465,0,0
737,706560,51457,11549,412,64579,46327,22074,0,0
738,707520,58485,5216,2749,61339,36961,31647,0,0
739,708480,63189,1366,7793,55517,27212,41318,0,0
740,709440,65145,347,15088,47638,17962,50215,0,0
741,710400,64175,2250,23976,38414,10044,57534,0,0
742,711360,60367,6905,33655,28676,4174,62616,0,0
743,712320,54064,13891,43252,19304,881,65000,0,0
744,713280,45835,22579,51899,11144,464,64472,0,0
745,714240,36422,32183,58816,4933,2960,61079,0,0
746,715200,26676,41838,63379,1231,8144,55126,0,0
747,716160,17476,50671,65175,373,15549,47151,0,0
748,717120,9653,57885,64043,2436,24506,37874,0,0
749,718080,3913,62829,60083,7235,34207,28132,0,0
750,719040,774,65057,53653,14337,43775,18804,0,0
751,720000,520,64366,45334,23101,52348,10732,0,0
752,720960,3174,60819,35876,32735,59151,4646,0,0
753,721920,8497,54736,26132,42371,63570,1094,0,0
754,722880,16009,46666,16984,51138,65206,397,0,0
755,723840,25032,37337,9255,58245,63911,2620,0,0
756,724800,34750,27591,3645,63051,59801,7561,0,0
757,725760,44288,18308,660,65120,53247,14774,0,0
758,726720,52784,10325,569,64267,44842,23610,0,0
759,727680,59470,4364,3382,60568,35342,33269,0,0
760,728640,63744,963,8844,54356,25606,42881,0,0
761,729600,65219,429,16462,46192,16513,51578,0,0
762,730560,63762,2810,25550,36813,8884,58574,0,0
763,731520,59503,7893,35286,27066,3406,63238,0,0
764,732480,52828,15217,44792,17829,576,65149,0,0
765,733440,44338,24123,53210,9938,649,64134,0,0
766,734400,34800,33807,59780,4104,3619,60284,0,0
767,735360,25075,43394,63908,854,9217,53946,0,0
768,736320,16040,52020,65222,482,16938,45693,0,0
769,737280,8512,58904,63602,3022,26087,36269,0,0
770,738240,3170,63427,59196,8245,35836,26525,0,0
771,739200,496,65178,52399,15679,45307,17340,0,0
772,740160,732,64001,43826,24654,53643,9543,0,0
773,741120,3858,60000,34250,34360,60093,3840,0,0
774,742080,9590,53538,24536,43920,64073,743,0,0
775,743040,17413,45196,15560,52472,65225,534,0,0
776,744000,26619,35728,8134,59243,63444,3232,0,0
777,744960,36379,25988,2927,63623,58891,8592,0,0
778,745920,45810,16855,410,65215,51975,16132,0,0
779,746880,54062,9155,810,63875,43323,25172,0,0
780,747840,60389,3582,4091,59725,33714,34894,0,0
781,748800,64221,639,9958,53138,24015,44423,0,0
782,749760,65210,593,17881,44709,15103,52896,0,0
783,750720,63268,3447,27145,35199,7782,59551,0,0
784,751680,58570,8945,36913,25466,2713,63785,0,0
785,752640,51538,16591,46305,16389,353,65216,0,0
786,753600,42809,25693,54472,8786,917,63715,0,0
787,754560,33170,35432,60677,3345,4353,59418,0,0
788,755520,23490,44927,64359,557,10351,52710,0,0
789,756480,14644,53323,65186,674,18371,44199,0,0
790,757440,7431,59859,63083,3685,27688,34652,0,0
791,758400,2501,63948,58239,9319,37461,24930,0,0
792,759360,300,65218,51092,17068,46809,15912,0,0
793,760320,1027,63556,42287,26232,54887,8412,0,0
794,761280,4617,59111,32617,35984,60966,3106,0,0
795,762240,10745,52283,22957,45444,64497,474,0,0
796,763200,18859,43690,14179,53759,65161,753,0,0
797,764160,28226,34107,7073,60176,62898,3919,0,0
798,765120,38001,24398,2283,64118,57911,9687,0,0
799,766080,47302,15440,241,65227,50652,17535,0,0
800,767040,55288,8042,1132,63403,41774,26756,0,0
801,768000,61239,2872,4875,58812,32080,36517,0,0
802,768960,64618,396,11132,51866,22444,45937,0,0
803,769920,65119,839,19340,43193,13736,54166,0,0
804,770880,62696,4160,28757,33576,6742,60461,0,0
805,771840,57568,10061,38533,23882,2094,64254,0,0
806,772800,50199,18008,47786,14987,212,65201,0,0
807,773760,41252,27284,55680,7693,1266,63217,0,0
808,774720,31535,37053,61503,2660,5161,58481,0,0
809,775680,21926,46432,64729,341,11545,51421,0,0
810,776640,13292,54576,65066,947,19842,42673,0,0
811,777600,6412,60747,62484,4422,29305,33026,0,0
812,778560,1908,64390,57216,10454,39077,23352,0,0
813,779520,187,65175,49736,18499,48278,14524,0,0
814,780480,1404,63031,40720,27829,56077,7339,0,0
815,781440,5449,58152,30982,37603,61769,2445,0,0
816,782400,11958,50977,21401,46939,64840,285,0,0
817,783360,20343,42154,12841,54994,65014,1053,0,0
818,784320,29847,32480,6076,61041,62273,4682,0,0
819,785280,39613,22827,1716,64534,56866,10842,0,0
820,786240,48759,14067,156,65156,49280,18979,0,0
821,787200,56459,6990,1535,62853,40200,28359,0,0
822,788160,62018,2237,5731,57830,30445,38133,0,0
823,789120,64934,235,12364,50543,20896,47421,0,0
824,790080,64944,1167,20836,41647,12414,55384,0,0
825,791040,62046,4947,30382,31947,5767,61303,0,0
826,792000,56502,11236,40140,22317,1553,64643,0,0
827,792960,48812,19465,49231,13627,154,65103,0,0
828,793920,39669,28892,56832,6662,1696,62640,0,0
829,794880,29901,38666,62258,2050,6041,57478,0,0
830,795840,20387,47906,65018,207,12795,50081,0,0
831,796800,11987,55775,64864,1302,21350,41118,0,0
832,797760,5459,61565,61808,5234,30933,31396,0,0
833,798720,1394,64753,56127,11649,40680,21795,0,0
834,799680,157,65049,48334,19969,49710,13180,0,0
835,800640,1861,62429,39130,29442,57209,6329,0,0
836,801600,6352,57126,29348,39213,62499,1861,0,0
837,802560,13226,49621,19871,48401,65102,179,0,0
838,803520,21861,40591,11553,56176,64784,1435,0,0
839,804480,31478,30850,5145,61836,61572,5517,0,0
840,805440,41210,21277,1228,64869,55757,12056,0,0
841,806400,50177,12738,153,65003,47864,20461,0,0
842,807360,57571,6002,2019,62224,38603,29975,0,0
843,808320,62723,1678,6658,56783,28813,39739,0,0
844,809280,65169,157,13650,49171,19375,48871,0,0
845,810240,64687,1575,22365,40076,11143,56547,0,0
846,811200,61320,5806,32016,30317,4859,62073,0,0
847,812160,55373,12468,41732,20776,1091,64952,0,0
848,813120,47381,20959,50636,12314,180,64922,0,0
849,814080,38067,30513,57924,5695,2207,61986,0,0
850,815040,28271,40268,62938,1516,6990,56410,0,0
851,816000,18877,49343,65225,156,14098,48695,0,0
852,816960,10733,56919,64579,1737,22889,39539,0,0
853,817920,4575,62312,61057,6116,32569,29767,0,0
854,818880,958,65035,54978,12900,42265,20263,0,0
855,819840,210,64841,46889,21474,51101,11883,0,0
856,820800,2398,61749,37522,31066,58280,5384,0,0
857,821760,7325,56037,27721,40810,63154,1354,0,0
858,822720,14546,48220,18371,49826,65282,155,0,0
859,823680,23409,39005,10316,57300,64472,1897,0,0
860,824640,33115,29221,4284,62558,60796,6423,0,0
861,825600,42788,19754,819,65124,54588,13324,0,0
862,826560,51554,11457,234,64767,46406,21977,0,0
863,827520,58622,5079,2583,61519,36989,31602,0,0
864,828480,63353,1197,7653,55673,27188,41330,0,0
865,829440,65321,161,14987,47756,17886,50282,0,0
866,830400,64347,2064,23923,38483,9924,57651,0,0
867,831360,60520,6736,33654,28690,4021,62771,0,0
868,832320,54184,13754,43303,19262,709,65179,0,0
869,833280,45911,22486,51998,11050,288,64659,0,0
870,834240,36448,32143,58953,4795,2797,61257,0,0
871,835200,26649,41853,63542,1062,8008,55279,0,0
872,836160,17399,50741,65350,188,15451,47266,0,0
873,837120,9533,58003,64212,2252,24456,37940,0,0
874,838080,3760,62984,60233,7068,34208,28143,0,0
875,839040,603,65235,53770,14203,43828,18759,0,0
876,840000,346,64551,45407,23010,52448,10636,0,0
877,840960,3013,60995,35898,32697,59288,4507,0,0
878,841920,8364,54887,26103,42388,63733,925,0,0
879,842880,15914,46777,16905,51209,65379,214,0,0
880,843840,24984,37400,9135,58363,64078,2439,0,0
881,844800,34754,27599,3493,63205,59948,7398,0,0
882,845760,44343,18261,491,65297,53361,14644,0,0
883,846720,52885,10228,398,64450,44911,23524,0,0
884,847680,59608,4226,3224,60740,35362,33235,0,0
885,848640,63906,795,8713,54502,25574,42902,0,0
886,849600,65390,248,16371,46299,16433,51651,0,0
887,850560,63926,2632,25506,36872,8762,58694,0,0
888,851520,59647,7733,35293,27070,3255,63393,0,0
889,852480,52938,15090,44850,17780,408,65325,0,0
890,853440,44405,24041,53313,9838,480,64315,0,0
891,854400,34817,33776,59918,3964,3463,60453,0,0
892,855360,25041,43418,64069,686,9089,54089,0,0
893,856320,15959,52095,65391,302,16850,45797,0,0
894,857280,8390,59025,63765,2845,26046,36325,0,0
895,858240,3019,63581,59336,8087,35846,26527,0,0
896,859200,330,65353,52506,15555,45366,17289,0,0
897,860160,566,64180,43889,24574,53746,9444,0,0
898,861120,3706,60168,34264,34331,60230,3700,0,0
899,862080,9467,53678,24500,43945,64233,577,0,0
900,863040,17328,45297,15477,52548,65392,356,0,0
901,864000,26582,35780,8012,59364,63604,3058,0,0
902,864960,36391,25987,2776,63776,59028,8438,0,0
903,865920,45871,16802,245,65387,52079,16012,0,0
904,866880,54166,9054,645,64051,43383,25096,0,0
905,867840,60527,3443,3942,59888,33725,34869,0,0
906,868800,64380,474,9837,53275,23977,44451,0,0
907,869760,65376,417,17799,44806,15019,52975,0,0
908,870720,63426,3277,27110,35248,7659,59672,0,0
909,871680,58705,8795,36928,25462,2562,63938,0,0
910,872640,51639,16474,46368,16333,189,65388,0,0
911,873600,42866,25621,54577,8683,754,63890,0,0
912,874560,33178,35410,60814,3205,4206,59578,0,0
913,875520,23450,44958,64517,392,10233,52843,0,0
914,876480,14559,53403,65349,499,18292,44293,0,0
915,877440,7308,59982,63238,3516,27656,34697,0,0
916,878400,2352,64101,58371,9171,37478,24924,0,0
917,879360,138,65389,51189,16954,46873,15855,0,0
918,880320,867,63728,42341,26162,54993,8308,0,0
919,881280,4473,59269,32624,35965,61104,2966,0,0
920,882240,10630,52414,22915,45477,64654,310,0,0
921,883200,18784,43781,14091,53840,65323,580,0,0
922,884160,28197,34150,6950,60299,63050,3753,0,0
923,885120,38021,24390,2134,64270,58040,9542,0,0
924,886080,47368,15381,81,65395,50746,17425,0,0
925,887040,55395,7938,974,63573,41825,26690,0,0
926,888000,61377,2732,4733,58967,32083,36501,0,0
927,888960,64774,234,11021,51993,22399,45972,0,0
928,889920,65279,668,19268,43280,13647,54249,0,0
929,890880,62846,3997,28731,33615,6618,60584,0,0
930,891840,57695,9919,38555,23870,1946,64406,0,0
931,892800,50290,17901,47854,14925,53,65368,0,0
932,893760,41300,27222,55788,7587,1110,63385,0,0
933,894720,31536,37040,61641,2519,5022,58634,0,0
934,895680,21880,46470,64884,179,11436,51545,0,0
935,896640,13203,54660,65225,777,19773,42756,0,0
936,897600,6288,60871,62632,4261,29281,33063,0,0
937,898560,1761,64542,57339,10315,39101,23338,0,0
938,899520,29,65342,49824,18394,48348,14461,0,0
939,900480,1250,63197,40766,27769,56185,7233,0,0
940,901440,5313,58302,30981,37592,61906,2305,0,0
941,902400,11852,51098,21353,46979,64994,124,0,0
942,903360,20276,42235,12751,55080,65170,886,0,0
943,904320,29826,32514,5952,61165,62419,4523,0,0
944,905280,39639,22810,1569,64685,56987,10706,0,0
945,906240,48830,14002,0,65321,49365,18879,0,0
946,907200,56568,6883,1384,63016,40242,28302,0,0
947,908160,62156,2097,5598,57977,30440,38126,0,0
948,909120,65087,75,12261,50660,20845,47463,0,0
949,910080,65099,1001,20773,41725,12323,55472,0,0
950,911040,62189,4791,30364,31978,5642,61428,0,0
951,912000,56620,11103,40169,22298,1407,64794,0,0
952,912960,48894,19368,49303,13561,0,65266,0,0
953,913920,39709,28839,56942,6553,1547,62802,0,0
954,914880,29894,38662,62395,1909,5910,57623,0,0
955,915840,20335,47950,65170,48,12695,50196,0,0
956,916800,11894,55864,65017,1137,21289,41193,0,0
957,917760,5335,61691,61949,5080,30918,31425,0,0
958,918720,1248,64904,56243,11519,40711,21774,0,0
959,919680,3,65212,48414,19874,49784,13112,0,0
960,920640,1714,62588,39168,29391,57319,6220,0,0
961,921600,6224,57269,29340,39211,62636,1721,0,0
962,922560,13129,49734,19817,48447,65253,21,0,0
963,923520,21803,40663,11459,56266,64935,1273,0,0
964,924480,31466,30875,5021,61961,61711,5365,0,0
965,925440,41243,21254,1083,65020,55870,11929,0,0
966,926400,50253,12668,1,65164,47940,20370,0,0
967,927360,57683,5892,1874,62381,38638,29928,0,0
968,928320,62860,1538,6532,56923,28801,39739,0,0
969,929280,65319,0,13556,49280,19319,48919,0,0
970,930240,64837,1415,22310,40144,11048,56638,0,0
971,931200,61456,5657,32006,30339,4734,62200,0,0
972,932160,55483,12344,41767,20750,947,65102,0,0
973,933120,47455,20871,50713,12242,29,65082,0,0
974,934080,38099,30468,58036,5584,2064,62142,0,0
975,935040,28257,40271,63075,1376,6867,56546,0,0
976,936000,18819,49393,65375,0,14006,48801,0,0
977,936960,10637,57012,64727,1578,22837,39605,0,0
978,937920,4449,62439,61191,5969,32561,29787,0,0
979,938880,814,65184,55085,12778,42302,20234,0,0
980,939840,61,65000,46961,21388,51180,11809,0,0
981,940800,2257,61903,37551,31024,58393,5272,0,0
982,941760,7204,56172,27705,40815,63290,1213,0,0
983,942720,14457,48324,18312,49878,65430,0,0,0
984,943680,23360,39068,10219,57394,64618,1740,0,0
985,944640,33111,29239,4158,62685,60928,6278,0,0
986,945600,42827,19724,675,65273,54692,13205,0,0
987,946560,51634,11382,86,64925,46474,21895,0,0
988,947520,58735,4967,2443,61671,37015,31563,0,0
989,948480,63490,1057,7535,55805,27169,41338,0,0
990,949440,65468,6,14901,47856,17825,50336,0,0
991,950400,64492,1908,23876,38543,9826,57746,0,0
992,951360,60649,6593,33652,28704,3895,62899,0,0
993,952320,54286,13637,43344,19229,566,65328,0,0
994,953280,45977,22406,52079,10973,141,64816,0,0
995,954240,36472,32106,59067,4681,2659,61407,0,0
996,955200,26629,41863,63679,922,7892,55409,0,0
997,956160,17337,50797,65496,34,15368,47364,0,0
998,957120,9434,58100,64356,2098,24412,37997,0,0
999,958080,3634,63113,60360,6928,34207,28155,0,0
1000,959040,461,65383,53869,14089,43871,18725,0,0
1001,960000,201,64706,45470,22933,52530,10558,0,0
1002,960960,2878,61143,35920,32664,59403,4393,0,0
1003,961920,8251,55014,26081,42401,63868,785,0,0
1004,962880,15834,46873,16841,51267,65524,61,0,0
1005,963840,24943,37454,9035,58462,64219,2286,0,0
1006,964800,34757,27608,3367,63334,60073,7260,0,0
1007,965760,44388,18224,349,65445,53458,14533,0,0
1008,966720,52969,10148,254,64604,44972,23449,0,0
1009,967680,59723,4110,3090,60886,35380,33204,0,0
1010,968640,64042,655,8602,54627,25550,42917,0,0
1011,969600,65535,95,16293,46392,16367,51711,0,0
1012,970560,64067,2480,25467,36924,8661,58793,0,0
1013,971520,59770,7597,35297,27077,3128,63522,0,0
1014,972480,53033,14982,44896,17741,267,65473,0,0
1015,973440,44463,23969,53398,9757,337,64468,0,0
1016,974400,34834,33748,60033,3848,3332,60598,0,0
1017,975360,25014,43435,64205,546,8981,54212,0,0
1018,976320,15891,52157,65535,150,16775,45887,0,0
1019,977280,8289,59125,63903,2696,26010,36374,0,0
1020,978240,2892,63711,59457,7954,35852,26531,0,0
1021,979200,189,65500,52598,15449,45414,17248,0,0
1022,980160,424,64331,43945,24506,53832,9361,0,0
1023,981120,3576,60310,34278,34306,60346,3584,0,0
1024,982080,9360,53798,24471,43966,64368,437,0,0
1025,983040,17255,45383,15408,52613,65535,206,0,0
1026,984000,26548,35826,7909,59466,63740,2910,0,0
1027,984960,36400,25989,2649,63907,59147,8307,0,0
1028,985920,45922,16759,105,65535,52169,15909,0,0
1029,986880,54254,8970,505,64202,43436,25030,0,0
1030,987840,60644,3325,3814,60029,33736,34847,0,0
1031,988800,64515,334,9733,53392,23946,44473,0,0
1032,989760,65518,267,17729,44891,14948,53041,0,0
1033,990720,63561,3130,27079,35292,7555,59775,0,0
1034,991680,58821,8665,36939,25462,2435,64069,0,0
1035,992640,51726,16373,46420,16288,50,65535,0,0
1036,993600,42917,25558,54666,8598,615,64039,0,0
1037,994560,33188,35390,60932,3087,4080,59717,0,0
1038,995520,23417,44983,64652,252,10131,52959,0,0
1039,996480,14487,53470,65490,350,18224,44375,0,0
1040,997440,7203,60086,63371,3371,27627,34739,0,0
1041,998400,2224,64232,58485,9044,37492,24921,0,0
1042,999360,0,65535,51274,16855,46928,15807,0,0
