1,0,33976,41135,30545,25966,58072,6526,0,0
2,960,34341,40699,29906,26656,61640,3749,0,0
3,1920,34847,40131,29311,27277,62826,3416,0,0
4,2880,35448,39481,28814,27774,61522,5557,0,0
5,3840,36091,38809,28459,28100,57847,9978,0,0
6,4800,36717,38175,28279,28227,52132,16279,0,0
7,5760,37270,37637,28289,28143,44895,23892,0,0
8,6720,37699,37243,28490,27855,36789,32127,0,0
9,7680,37966,37030,28862,27391,28547,40241,0,0
10,8640,38046,37015,29373,26791,20915,47498,0,0
11,9600,37933,37201,29975,26109,14583,53243,0,0
12,10560,37636,37571,30615,25408,10123,56956,0,0
13,11520,37183,38092,31235,24752,7939,58301,0,0
14,12480,36614,38716,31779,24198,8228,57156,0,0
15,13440,35981,39386,32196,23798,10964,53624,0,0
16,14400,35341,40043,32451,23587,15901,48024,0,0
17,15360,34751,40627,32519,23585,22592,40862,0,0
18,16320,34266,41085,32395,23792,30432,32787,0,0
19,17280,33929,41376,32090,24189,38712,24527,0,0
20,18240,33771,41473,31630,24740,46684,16830,0,0
21,19200,33805,41367,31059,25396,53627,10392,0,0
22,20160,34029,41069,30427,26097,58914,5796,0,0
23,21120,34423,40604,29792,26780,62065,3457,0,0
24,22080,34951,40016,29210,27383,62797,3587,0,0
25,23040,35565,39356,28735,27851,61042,6176,0,0
26,24000,36209,38686,28410,28143,56958,10989,0,0
27,24960,36827,38065,28264,28231,50916,17591,0,0
28,25920,37360,37549,28310,28108,43461,25386,0,0
29,26880,37763,37186,28544,27785,35266,33669,0,0
30,27840,37997,37008,28945,27291,27073,41691,0,0
31,28800,38042,37031,29477,26670,19622,48727,0,0
32,29760,37894,37253,30091,25979,13587,54140,0,0
33,30720,37566,37655,30732,25280,9514,57441,0,0
34,31680,37088,38199,31343,24637,7772,58330,0,0
35,32640,36502,38837,31867,24108,8517,56726,0,0
36,33600,35863,39511,32258,23739,11684,52775,0,0
37,34560,35227,40160,32481,23566,16985,46833,0,0
38,35520,34652,40726,32514,23603,23943,39437,0,0
39,36480,34190,41156,32355,23847,31928,31255,0,0
40,37440,33884,41413,32018,24277,40219,23027,0,0
41,38400,33760,41473,31535,24853,48065,15497,0,0
42,39360,33829,41331,30947,25523,54759,9346,0,0
43,40320,34087,40998,30310,26227,59694,5130,0,0
44,41280,34508,40507,29679,26901,62423,3232,0,0
45,42240,35056,39899,29112,27484,62701,3823,0,0
46,43200,35681,39232,28661,27924,60501,6850,0,0
47,44160,36326,38565,28367,28180,56022,12041,0,0
48,45120,36933,37958,28255,28230,49669,18926,0,0
49,46080,37447,37466,28336,28068,42015,26884,0,0
50,47040,37822,37134,28602,27710,33752,35194,0,0
51,48000,38023,36991,29031,27188,25627,43106,0,0
52,48960,38033,37052,29582,26548,18375,49905,0,0
53,49920,37850,37309,30207,25850,12651,54974,0,0
54,50880,37492,37741,30848,25155,8973,57857,0,0
55,51840,36990,38308,31448,24527,7673,58290,0,0
56,52800,36389,38959,31952,24022,8871,56235,0,0
57,53760,35745,39635,32315,23687,12457,51877,0,0
58,54720,35115,40274,32505,23551,18109,45609,0,0
59,55680,34556,40820,32503,23627,25315,37998,0,0
60,56640,34119,41222,32310,23908,33425,29730,0,0
61,57600,33843,41445,31944,24368,41705,21554,0,0
62,58560,33754,41468,31437,24967,49407,14209,0,0
63,59520,33859,41289,30835,25650,55835,8358,0,0
64,60480,34148,40924,30193,26355,60408,4532,0,0
65,61440,34597,40406,29569,27019,62712,3077,0,0
66,62400,35164,39782,29018,27581,62537,4125,0,0
67,63360,35798,39108,28592,27991,59901,7581,0,0
68,64320,36441,38446,28328,28211,55039,13135,0,0
69,65280,37036,37854,28251,28222,48392,20284,0,0
70,66240,37529,37387,28366,28023,40559,28383,0,0
71,67200,37876,37087,28665,27631,32249,36699,0,0
72,68160,38044,36981,29120,27082,24213,44482,0,0
73,69120,38019,37078,29689,26426,17177,51027,0,0
74,70080,37802,37370,30322,25721,11776,55742,0,0
75,71040,37414,37831,30962,25032,8501,58201,0,0
76,72000,36890,38419,31549,24420,7646,58180,0,0
77,72960,36276,39081,32033,23942,9291,55681,0,0
78,73920,35629,39756,32367,23640,13286,50930,0,0
79,74880,35006,40385,32523,23542,19271,44354,0,0
80,75840,34464,40910,32487,23656,26706,36547,0,0
81,76800,34053,41283,32260,23973,34919,28216,0,0
82,77760,33808,41471,31865,24463,43168,20113,0,0
83,78720,33753,41457,31336,25084,50706,12971,0,0
84,79680,33893,41242,30722,25777,56854,7435,0,0
85,80640,34214,40846,30077,26482,61054,4006,0,0
86,81600,34688,40303,29461,27133,62927,2996,0,0
87,82560,35272,39664,28928,27673,62303,4495,0,0
88,83520,35914,38986,28528,28052,59238,8369,0,0
89,84480,36554,38330,28295,28236,54009,14270,0,0
90,85440,37136,37755,28252,28209,47086,21663,0,0
91,86400,37607,37314,28402,27972,39097,29881,0,0
92,87360,37924,37046,28732,27548,30762,38182,0,0
93,88320,38059,36976,29212,26974,22835,45815,0,0
94,89280,37998,37110,29798,26302,16032,52090,0,0
95,90240,37749,37436,30438,25593,10968,56440,0,0
96,91200,37333,37925,31073,24912,8102,58471,0,0
97,92160,36787,38532,31648,24318,7692,57998,0,0
98,93120,36162,39202,32108,23867,9778,55063,0,0
99,94080,35513,39876,32414,23600,14169,49932,0,0
100,95040,34900,40492,32536,23539,20471,43067,0,0
101,96000,34377,40994,32465,23691,28114,35088,0,0
102,96960,33992,41338,32206,24043,36408,26716,0,0
103,97920,33779,41491,31783,24562,44603,18707,0,0
104,98880,33759,41440,31234,25202,51958,11786,0,0
105,99840,33933,41190,30609,25904,57810,6578,0,0
106,100800,34284,40763,29963,26606,61629,3555,0,0
107,101760,34783,40198,29356,27244,63068,2990,0,0
108,102720,35382,39545,28843,27760,61998,4935,0,0
109,103680,36029,38864,28469,28107,58515,9215,0,0
110,104640,36665,38216,28268,28255,52932,15445,0,0
111,105600,37232,37660,28260,28189,45755,23061,0,0
112,106560,37680,37246,28443,27916,37630,31376,0,0
113,107520,37967,37011,28803,27461,29293,39639,0,0
114,108480,38068,36978,29306,26863,21495,47102,0,0
115,109440,37973,37148,29908,26178,14943,53091,0,0
116,110400,37691,37506,30553,25467,10229,57065,0,0
117,111360,37248,38021,31183,24794,7778,58663,0,0
118,112320,36683,38646,31742,24221,7813,57741,0,0
119,113280,36048,39324,32179,23799,10332,54381,0,0
120,114240,35399,39994,32454,23566,15106,48886,0,0
121,115200,34797,40595,32543,23543,21706,41751,0,0
122,116160,34294,41074,32437,23733,29536,33622,0,0
123,117120,33936,41387,32147,24118,37888,25232,0,0
124,118080,33756,41505,31697,24664,46007,17340,0,0
125,119040,33770,41418,31130,25321,53161,10658,0,0
126,120000,33977,41133,30495,26030,58701,5792,0,0
127,120960,34359,40677,29851,26728,62129,3180,0,0
128,121920,34880,40090,29255,27350,63132,3061,0,0
129,122880,35493,39426,28762,27841,61621,5445,0,0
130,123840,36144,38744,28415,28156,57730,10119,0,0
131,124800,36774,38106,28247,28267,51811,16659,0,0
132,125760,37325,37570,28273,28163,44399,24476,0,0
133,126720,37747,37184,28490,27855,36162,32864,0,0
134,127680,38004,36983,28878,27369,27845,41065,0,0
135,128640,38071,36986,29404,26750,20199,48338,0,0
136,129600,37942,37191,30018,26054,13915,54026,0,0
137,130560,37629,37581,30666,25342,9561,57614,0,0
138,131520,37160,38121,31290,24681,7531,58777,0,0
139,132480,36577,38761,31832,24129,8009,57409,0,0
140,133440,35934,39444,32244,23736,10953,53634,0,0
141,134400,35287,40109,32489,23538,16096,47791,0,0
142,135360,34697,40694,32544,23553,22975,40408,0,0
143,136320,34215,41148,32405,23780,30969,32152,0,0
144,137280,33886,41429,32083,24198,39356,23768,0,0
145,138240,33739,41512,31608,24769,47377,16014,0,0
146,139200,33788,41389,31024,25442,54309,9590,0,0
147,140160,34027,41071,30381,26156,59525,5078,0,0
148,141120,34437,40587,29740,26847,62553,2885,0,0
149,142080,34979,39980,29157,27452,63119,3211,0,0
150,143040,35605,39307,28685,27916,61172,6026,0,0
151,144000,36258,38626,28367,28198,56886,11078,0,0
152,144960,36879,38000,28232,28272,50648,17910,0,0
153,145920,37413,37485,28292,28131,43022,25905,0,0
154,146880,37810,37128,28541,27788,34697,34343,0,0
155,147840,38035,36961,28958,27274,26423,42459,0,0
156,148800,38068,37000,29503,26635,18948,49522,0,0
157,149760,37905,37240,30130,25929,12949,54893,0,0
158,150720,37561,37661,30779,25220,8967,58085,0,0
159,151680,37068,38223,31394,24571,7362,58810,0,0
160,152640,36470,38878,31918,24042,8281,57002,0,0
161,153600,35820,39564,32304,23680,11640,52824,0,0
162,154560,35178,40221,32518,23518,17136,46651,0,0
163,155520,34601,40789,32539,23570,24275,39041,0,0
164,156480,34142,41217,32366,23833,32410,30682,0,0
165,157440,33842,41465,32015,24282,40808,22327,0,0
166,158400,33728,41512,31516,24877,48710,14733,0,0
167,159360,33811,41354,30916,25564,55402,8585,0,0
168,160320,34083,41003,30268,26281,60279,4439,0,0
169,161280,34519,40493,29631,26963,62900,2670,0,0
170,162240,35081,39869,29063,27549,63028,3438,0,0
171,163200,35717,39187,28614,27986,60652,6676,0,0
172,164160,36371,38509,28325,28233,55984,12091,0,0
173,165120,36982,37897,28223,28270,49446,19194,0,0
174,166080,37496,37405,28317,28092,41628,27345,0,0
175,167040,37867,37078,28598,27716,33236,35808,0,0
176,168000,38060,36946,29041,27175,25029,43817,0,0
177,168960,38059,37020,29605,26518,17747,50650,0,0
178,169920,37863,37295,30241,25804,12048,55688,0,0
179,170880,37490,37744,30891,25099,8448,58477,0,0
180,171840,36973,38329,31495,24465,7272,58764,0,0
181,172800,36361,38995,32000,23960,8627,56521,0,0
182,173760,35706,39683,32359,23630,12391,51952,0,0
183,174720,35070,40330,32541,23504,18224,45467,0,0
184,175680,34509,40879,32528,23594,25601,37653,0,0
185,176640,34073,41279,32322,23892,33855,29214,0,0
186,177600,33803,41495,31942,24371,42241,20914,0,0
187,178560,33723,41506,31421,24987,50002,13501,0,0
188,179520,33839,41312,30808,25686,56435,7645,0,0
189,180480,34143,40931,30156,26404,60961,3876,0,0
190,181440,34605,40396,29525,27076,63169,2535,0,0
191,182400,35185,39756,28972,27641,62861,3743,0,0
192,183360,35830,39068,28548,28049,60062,7393,0,0
193,184320,36482,38395,28289,28262,55026,13155,0,0
194,185280,37081,37798,28220,28262,48206,20509,0,0
195,186240,37575,37330,28347,28047,40219,28792,0,0
196,187200,37918,37035,28659,27639,31785,37255,0,0
197,188160,38079,36937,29127,27072,23667,45135,0,0
198,189120,38043,37047,29709,26399,16597,51719,0,0
199,190080,37815,37355,30353,25680,11214,56412,0,0
200,191040,37414,37832,31001,24981,8004,58790,0,0
201,192000,36876,38436,31593,24363,7259,58638,0,0
202,192960,36251,39113,32077,23884,9046,55968,0,0
203,193920,35594,39800,32408,23587,13204,51022,0,0
204,194880,34965,40436,32558,23497,19358,44244,0,0
205,195840,34420,40964,32511,23624,26952,36248,0,0
206,196800,34010,41336,32273,23957,35302,27754,0,0
207,197760,33771,41518,31865,24464,43652,19530,0,0
208,198720,33724,41494,31324,25101,51250,12319,0,0
209,199680,31864,40076,32706,27027,57288,7038,65535,0
210,200640,29479,36979,34751,30500,61516,4193,65535,0
211,201600,25016,32718,39061,35192,63171,1276,65535,0
212,202560,19051,26894,44886,41376,64563,0,65535,0
213,203520,13165,20460,50665,47986,65535,1214,65535,0
214,204480,7236,13458,56750,54991,63096,4740,65535,0
215,205440,2160,6494,62332,61500,56186,13658,65535,0
216,206400,0,1541,65535,65424,42567,28312,65535,0
217,207360,1433,0,65437,65535,25403,45982,65535,0
218,208320,6392,2690,61696,61580,10015,59519,65535,0
219,209280,13876,8901,55028,54701,0,64228,65535,0
220,210240,21703,16202,47211,46974,429,65535,65535,0
221,211200,29076,23571,39246,39561,8608,62298,65535,0
222,212160,36533,30962,31388,32873,14307,50246,65535,0
223,213120,43804,37824,23515,26444,22615,41627,65535,0
224,214080,51181,44523,15702,19912,28774,36243,65535,0
225,215040,57844,50817,8995,13838,29814,30450,65535,0
226,216000,62637,56100,3939,8617,33548,27024,65535,0
227,216960,64300,59252,1757,5722,40372,22381,65535,0
228,217920,62470,59459,3095,6096,46599,15412,65535,0
229,218880,57386,56539,7609,9517,53616,10998,65535,0
230,219840,50477,51552,14061,14879,59029,9122,65535,0
231,220800,43424,46032,21007,21024,59909,4559,65535,0
232,221760,36204,39924,28152,27574,60353,2469,65535,0
233,222720,28900,33285,35245,34311,62576,4687,65535,0
234,223680,21660,26235,42625,41601,60251,5456,65535,0
235,224640,14778,18868,49709,48853,57157,10573,65535,0
236,225600,9300,12039,55659,55104,50654,20860,65535,0
237,226560,6617,7213,59433,59017,36373,34095,65535,0
238,227520,7387,5747,59871,59199,20811,49994,65535,0
239,228480,11640,8283,56640,55534,7914,62012,65535,0
240,229440,18214,13965,50706,49337,114,65188,65535,0
241,230400,25142,20661,43702,42396,1580,64665,65535,0
242,231360,31902,27491,36345,35624,9774,60503,65535,0
243,232320,38928,34429,28917,29344,15471,49203,65535,0
244,233280,45895,41020,21416,23132,22867,41367,65535,0
245,234240,52940,47531,13988,16777,28315,36216,65535,0
246,235200,59186,53653,7651,10892,29931,30293,65535,0
247,236160,63371,58590,3101,6131,34956,25701,65535,0
248,237120,64328,61178,1537,3951,42866,19576,65535,0
249,238080,61870,60698,3433,5078,49954,12180,65535,0
250,239040,56418,57178,8319,9081,56872,8281,65535,0
251,240000,49515,51888,14882,14716,60777,6908,65535,0
252,240960,42610,46190,21840,20916,59601,3897,65535,0
253,241920,35483,39942,28966,27347,59116,4925,65535,0
254,242880,28350,33364,36059,33908,59120,8477,65535,0
255,243840,21210,26433,43439,40965,55510,10515,65535,0
256,244800,14538,19360,50326,47817,52263,16739,65535,0
257,245760,9437,13030,55945,53586,45196,26586,65535,0
258,246720,7229,8860,59197,56902,31548,38775,65535,0
259,247680,8441,8069,59043,56528,17968,52919,65535,0
260,248640,13004,11086,55356,52582,6972,62339,65535,0
261,249600,19587,16842,49256,46450,1204,63844,65535,0
262,250560,26332,23328,42306,39768,4336,62853,65535,0
263,251520,33071,30002,35017,33242,11919,57699,65535,0
264,252480,40030,36747,27698,27115,17057,46977,65535,0
265,253440,46988,43244,20227,20887,24184,40474,65535,0
266,254400,53921,49703,12989,14597,28620,35194,65535,0
267,255360,59885,55703,6896,8853,30711,29111,65535,0
268,256320,63579,60319,2729,4484,37083,23859,65535,0
269,257280,63960,62367,1706,2951,45405,16732,65535,0
270,258240,60945,61227,4139,4754,52717,9498,65535,0
271,259200,55176,57156,9383,9234,59078,6741,65535,0
272,260160,48294,51619,16059,15062,61264,6130,65535,0
273,261120,41464,45763,23083,21291,58266,4725,65535,0
274,262080,34354,39405,30246,27619,57069,8313,65535,0
275,263040,27292,32867,37409,34081,55266,12553,65535,0
276,264000,20191,26028,44794,40971,51099,15431,65535,0
277,264960,13699,19209,51490,47512,48006,22183,65535,0
278,265920,8995,13348,56744,52854,40563,31305,65535,0
279,266880,7332,9848,59385,55555,27806,42512,65535,0
280,267840,9083,9758,58551,54603,16078,54845,65535,0
281,268800,14059,13325,54315,50309,6854,61597,65535,0
282,269760,20782,19245,47921,44137,3083,61563,65535,0
283,270720,27494,25636,40878,37590,7845,60143,65535,0
284,271680,34336,32261,33545,31203,14675,53950,65535,0
285,272640,41324,38885,26231,25140,19392,43958,65535,0
286,273600,48356,45353,18713,18845,26170,38616,65535,0
287,274560,55210,51772,11630,12604,29605,33251,65535,0
288,275520,60876,57609,5793,7017,32223,27319,65535,0
289,276480,64033,61833,2086,3087,39558,21709,65535,0
290,277440,63806,63275,1679,2223,47734,14144,65535,0
291,278400,60170,61418,4749,4698,54788,7798,65535,0
292,279360,54014,56780,10458,9637,60127,6621,65535,0
293,280320,47091,51021,17324,15642,60368,6661,65535,0
294,281280,40218,44994,24498,21907,55993,6925,65535,0
295,282240,33052,38544,31757,28165,54275,12481,65535,0
296,283200,25965,32023,39052,34605,51101,16752,65535,0
297,284160,18863,25260,46426,41376,47075,20110,65535,0
298,285120,12554,18677,52913,47665,44320,26927,65535,0
299,286080,8279,13282,57757,52596,36674,35153,65535,0
300,287040,7205,10453,59725,54672,25038,45475,65535,0
301,288000,9583,11105,58141,53108,14945,55897,65535,0
302,288960,15039,15246,53307,48436,7296,60051,65535,0
303,289920,21935,21344,46586,42183,5529,58775,65535,0
304,290880,28711,27709,39375,35694,11628,56990,65535,0
305,291840,35719,34341,31943,29391,17602,49719,65535,0
306,292800,42776,40884,24570,23330,22181,40705,65535,0
307,293760,49911,47358,16988,16953,28479,36266,65535,0
308,294720,56681,53725,10062,10768,30965,30874,65535,0
309,295680,62009,59355,4515,5371,34176,25242,65535,0
310,296640,64575,63111,1357,1940,42023,19511,65535,0
311,297600,63708,63898,1626,1756,49677,11990,65535,0
312,298560,59424,61298,5386,4882,56148,7119,65535,0
313,299520,52867,56127,11597,10241,60161,7523,65535,0
314,300480,45885,50188,18684,16390,58304,8086,65535,0
315,301440,38890,43994,26036,22689,53192,9996,65535,0
316,302400,31642,37483,33400,28898,51172,16874,65535,0
317,303360,24470,30966,40847,35369,47115,20737,65535,0
318,304320,17373,24277,48168,42038,43714,24389,65535,0
319,305280,11285,17934,54414,48098,41235,30966,65535,0
320,306240,7490,13016,58800,52603,33338,38339,65535,0
321,307200,7031,10865,60064,54046,22900,47791,65535,0
322,308160,10096,12276,57688,51854,14204,56279,65535,0
323,309120,16054,16979,52241,46799,8028,58040,65535,0
324,310080,23101,23222,45221,40463,8184,55953,65535,0
325,311040,29989,29605,37822,33998,15271,53667,65535,0
326,312000,37176,36263,30279,27755,20383,45371,65535,0
327,312960,44313,42751,22812,21651,25165,37537,65535,0
328,313920,51535,49236,15195,15207,30778,33750,65535,0
329,314880,58188,55528,8452,9091,32416,28465,65535,0
330,315840,63127,60899,3246,3927,36203,23283,65535,0
331,316800,65065,64128,703,1052,44165,17465,65535,0
332,317760,63525,64222,1697,1556,51108,10365,65535,0
333,318720,58606,60891,6139,5293,56922,7273,65535,0
334,319680,51698,55279,12813,11002,59463,8998,65535,0
335,320640,44654,49201,20117,17265,55598,9911,65535,0
336,321600,37500,42857,27632,23578,50424,13504,65535,0
337,322560,30181,36328,35081,29761,48218,20914,65535,0
338,323520,22908,29810,42669,36288,43635,24135,65535,0
339,324480,15857,23201,49881,42846,41057,28104,65535,0
340,325440,10050,17115,55852,48672,38537,34264,65535,0
341,326400,6794,12693,59720,52717,30383,40968,65535,0
342,327360,6960,11221,60268,53513,21164,49693,65535,0
343,328320,10721,13381,57109,50712,13658,56164,65535,0
344,329280,17153,18599,51077,45296,8948,55835,65535,0
345,330240,24298,24926,43818,38897,10932,53458,65535,0
346,331200,31313,31353,36249,32451,18580,50404,65535,0
347,332160,38643,38023,28618,26260,23001,41344,65535,0
348,333120,45860,44476,21046,20082,28095,34817,65535,0
349,334080,53126,50957,13462,13610,32718,31411,65535,0
350,335040,59613,57145,6935,7590,33696,26270,65535,0
351,336000,64109,62204,2121,2712,38123,21569,65535,0
352,336960,65407,64870,232,429,45860,15680,65535,0
353,337920,63157,64243,1976,1626,52239,9279,65535,0
354,338880,57647,60242,7055,5914,57419,7927,65535,0
355,339840,50494,54305,14095,11888,58369,10524,65535,0
356,340800,43391,48131,21582,18230,52898,11686,65535,0
357,341760,36083,41662,29220,24533,48119,16942,65535,0
358,342720,28729,35155,36730,30705,45588,24223,65535,0
359,343680,21378,28632,44412,37278,40784,26949,65535,0
360,344640,14428,22122,51461,43705,39013,31254,65535,0
361,345600,8960,16314,57123,49282,36109,36929,65535,0
362,346560,6293,12417,60415,52820,27849,43146,65535,0
363,347520,7097,11625,60239,52970,19782,51135,65535,0
364,348480,11510,14491,56353,49597,13291,55644,65535,0
365,349440,18333,20130,49820,43875,10023,53756,65535,0
366,350400,25523,26495,42381,37440,13754,51343,65535,0
367,351360,32661,32969,34693,31025,21367,47346,65535,0
368,352320,40073,39622,27025,24884,25207,37911,65535,0
369,353280,47366,46048,19362,18618,30511,32734,65535,0
370,354240,54610,52501,11887,12167,34009,29432,65535,0
371,355200,60861,58549,5611,6278,34761,24473,65535,0
372,356160,64862,63251,1229,1748,39969,20046,65535,0
373,357120,65525,65337,0,78,47350,14076,65535,0
374,358080,62562,63991,2487,1951,53289,8537,65535,0
375,359040,56533,59404,8134,6718,57781,8757,65535,0
376,360000,49252,53267,15419,12869,57224,11724,65535,0
377,360960,42107,47021,23036,19249,50614,13328,65535,0
378,361920,34682,40469,30745,25512,46425,20080,65535,0
379,362880,27332,34005,38302,31689,43227,26758,65535,0
380,363840,19954,27492,46001,38274,38553,29235,65535,0
381,364800,13160,21102,52841,44555,37462,33765,65535,0
382,365760,8089,15599,58150,49857,34024,38949,65535,0
383,366720,6030,12248,60831,52843,25854,44958,65535,0
384,367680,7488,12131,59931,52349,18740,52229,65535,0
385,368640,12479,15637,55409,48462,13026,54934,65535,0
386,369600,19575,21581,48500,42509,11119,52009,65535,0
387,370560,26765,27944,40942,36066,16385,49713,65535,0
388,371520,34010,34462,33191,29699,23440,44609,65535,0
389,372480,41436,41056,25540,23606,26870,35340,65535,0
390,373440,48778,47462,17819,17262,32295,31340,65535,0
391,374400,55931,53864,10514,10879,34768,27847,65535,0
392,375360,61881,59733,4519,5163,35775,23051,65535,0
393,376320,65337,64039,618,1039,41770,18717,65535,0
394,377280,65373,65535,43,0,48747,12570,65535,0
395,378240,61743,63507,3219,2499,54339,8044,65535,0
396,379200,55294,58432,9346,7664,58044,9567,65535,0
397,380160,47984,52201,16768,13918,56085,12475,65535,0
398,381120,40819,45903,24455,20292,48819,14780,65535,0
399,382080,33345,39320,32176,26490,45096,22683,65535,0
400,383040,26019,32906,39767,32687,41158,28505,65535,0
401,384000,18673,26426,47393,39237,37021,30999,65535,0
402,384960,12091,20178,53988,45355,36383,35704,65535,0
403,385920,7464,15010,58909,50344,32256,40454,65535,0
404,386880,6015,12213,60964,52754,24321,46451,65535,0
405,387840,8133,12760,59362,51625,17800,53035,65535,0
406,388800,13621,16821,54301,47287,12687,54228,65535,0
407,389760,20857,22951,47149,41183,12109,50795,65535,0
408,390720,28015,29289,39533,34758,18535,48596,65535,0
409,391680,35334,35835,31774,28460,24744,42331,65535,0
410,392640,42714,42340,24174,22408,28110,33666,65535,0
411,393600,50064,48730,16444,16017,33526,30420,65535,0
412,394560,57065,55057,9354,9746,35184,26538,65535,0
413,395520,62657,60711,3666,4238,36832,21928,65535,0
414,396480,65535,64579,290,579,43469,17489,65535,0
415,397440,64953,65481,360,167,50040,11260,65535,0
416,398400,60734,62828,4146,3230,55328,7763,65535,0
417,399360,53979,57381,10645,8707,58158,10198,65535,0
418,400320,46716,51127,18125,15002,54840,12897,65535,0
419,401280,39545,44795,25826,21336,47481,16103,65535,0
420,402240,32091,38233,33497,27452,44141,24710,65535,0
421,403200,24796,31870,41103,33677,39613,29582,65535,0
422,404160,17542,25446,48581,40147,36210,32314,65535,0
423,405120,11228,19365,54904,46082,35628,37132,65535,0
424,406080,7086,14558,59409,50712,30651,41675,65535,0
425,407040,6242,12315,60841,52533,22983,47796,65535,0
426,408000,8996,13501,58579,50795,16836,53698,65535,0
427,408960,14891,18028,53069,46074,12279,53679,65535,0
428,409920,22157,24243,45796,39892,12876,50125,65535,0
429,410880,29260,30549,38173,33511,20094,47802,65535,0
430,411840,36609,37097,30454,27304,25411,40432,65535,0
431,412800,43902,43505,22911,21278,29155,32653,65535,0
432,413760,51214,49869,15237,14883,34355,29777,65535,0
433,414720,58015,56095,8391,8748,35419,25537,65535,0
434,415680,63205,61501,3039,3487,37879,21072,65535,0
435,416640,65491,64901,218,342,44951,16330,65535,0
436,417600,64300,65212,920,546,51194,10099,65535,0
437,418560,59576,62000,5228,4106,56235,7617,65535,0
438,419520,52631,56290,11984,9807,58181,10638,65535,0
439,420480,45463,50061,19469,16099,53581,13078,65535,0
440,421440,38295,43706,27138,22366,46598,17358,65535,0
441,422400,30918,37212,34714,28397,43496,26119,65535,0
442,423360,23663,30898,42312,34647,38540,30111,65535,0
443,424320,16554,24547,49588,41000,35879,33308,65535,0
444,425280,10558,18660,55622,46729,34958,38177,65535,0
445,426240,6936,14238,59679,50955,29098,42740,65535,0
446,427200,6686,12550,60501,52179,21685,49086,65535,0
447,428160,10026,14336,57635,49877,15794,54255,65535,0
448,429120,16239,19244,51762,44843,11845,53241,65535,0
449,430080,23455,25468,44455,38633,13527,49904,65535,0
450,431040,30491,31742,36864,32319,21197,47181,65535,0
451,432000,37817,38262,29221,26217,25818,38921,65535,0
452,432960,45013,44578,21732,20204,30119,32119,65535,0
453,433920,52244,50900,14178,13850,34809,29279,65535,0
454,434880,58807,57003,7595,7868,35525,24734,65535,0
455,435840,63560,62126,2608,2891,38894,20406,65535,0
456,436800,65253,65038,358,291,46214,15244,65535,0
457,437760,63463,64767,1668,1096,52277,9084,65535,0
458,438720,58313,61064,6417,5089,57102,7542,65535,0
459,439680,51284,55191,13331,10937,58095,10832,65535,0
460,440640,44231,49009,20783,17196,52426,13081,65535,0
461,441600,37074,42642,28388,23378,46139,18513,65535,0
462,442560,29812,36247,35849,29330,43040,26996,65535,0
463,443520,22613,29974,43412,35585,37833,30408,65535,0
464,444480,15688,23715,50457,41795,35790,34175,65535,0
465,445440,10050,18046,56188,47299,34187,39009,65535,0
466,446400,6974,14037,59759,51080,27575,43735,65535,0
467,447360,7304,12902,59983,51708,20440,50307,65535,0
468,448320,11169,15242,56578,48894,14770,54707,65535,0
469,449280,17615,20452,50418,43609,11528,52936,65535,0
470,450240,24728,26641,43129,37410,14302,49900,65535,0
471,451200,31702,32887,35597,31180,22012,46518,65535,0
472,452160,38959,39348,28063,25189,26107,37681,65535,0
473,453120,46069,45585,20619,19174,30928,31891,65535,0
474,454080,53181,51849,13237,12896,34927,28857,65535,0
475,455040,59472,57808,6926,7084,35618,24084,65535,0
476,456000,63759,62617,2328,2432,39952,19788,65535,0
477,456960,64864,65028,656,393,47364,14161,65535,0
478,457920,62495,64184,2548,1778,53352,8219,65535,0
479,458880,56988,60057,7671,6144,57917,7500,65535,0
480,459840,49954,54098,14662,12076,57971,10855,65535,0
481,460800,43020,47966,22060,18281,51498,13116,65535,0
482,461760,35886,41605,29580,24363,45999,19658,65535,0
483,462720,28756,35318,36940,30256,42515,27505,65535,0
484,463680,21631,29084,44431,36493,37292,30656,65535,0
485,464640,14916,22933,51228,42546,35737,34938,65535,0
486,465600,9665,17505,56640,47801,33299,39744,65535,0
487,466560,7151,13938,59693,51098,26149,44740,65535,0
488,467520,8049,13354,59331,51143,19282,51415,65535,0
489,468480,12379,16204,55446,47867,13843,54986,65535,0
490,469440,18984,21644,49069,42388,11361,52671,65535,0
491,470400,25966,27773,41821,36228,15290,49912,65535,0
492,471360,32894,34001,34361,30088,22665,45687,65535,0
493,472320,40051,40376,26955,24201,26400,36693,65535,0
494,473280,47089,46546,19554,18176,31575,31831,65535,0
495,474240,54054,52741,12376,12003,34829,28419,65535,0
496,475200,60043,58534,6346,6376,35789,23503,65535,0
497,476160,63838,63000,2160,2091,41102,19092,65535,0
498,477120,64362,64898,1066,623,48511,13046,65535,0
499,478080,61442,63498,3511,2556,54432,7479,65535,0
500,479040,55639,59005,8958,7238,58620,7537,65535,0
501,480000,48655,53016,15972,13213,57756,10746,65535,0
502,480960,41825,46926,23308,19351,50712,13285,65535,0
503,481920,34735,40590,30733,25323,45893,20823,65535,0
504,482880,27728,34401,38016,31180,41823,27898,65535,0
505,483840,20692,28212,45396,37371,36882,31023,65535,0
506,484800,14208,22184,51938,43265,35666,35675,65535,0
507,485760,9369,17024,57008,48249,32340,40382,65535,0
508,486720,7425,13924,59520,51029,24863,45733,65535,0
509,487680,8884,13887,58582,50503,18239,52405,65535,0
510,488640,13624,17207,54269,46811,13052,55090,65535,0
511,489600,20323,22812,47734,41190,11408,52421,65535,0
512,490560,27171,28875,40534,35081,16434,49877,65535,0
513,491520,34074,35094,33150,29036,23155,44650,65535,0
514,492480,41116,41365,25871,23237,26708,35882,65535,0
515,493440,48093,47482,18515,17204,32105,31767,65535,0
516,494400,54887,53598,11559,11155,34690,27871,65535,0
517,495360,60543,59200,5815,5727,36219,22967,65535,0
518,496320,63823,63295,2076,1848,42386,18332,65535,0
519,497280,63777,64670,1558,955,49671,11928,65535,0
520,498240,60341,62735,4525,3401,55478,6893,65535,0
521,499200,54295,57925,10256,8351,59126,7699,65535,0
522,500160,47394,51946,17264,14339,57264,10647,65535,0
523,501120,40642,45881,24543,20400,49967,13773,65535,0
524,502080,33617,39590,31866,26263,45618,22039,65535,0
525,503040,26708,33484,39098,32108,40950,28225,65535,0
526,504000,19774,27350,46332,38230,36588,31502,65535,0
527,504960,13538,21458,52616,43962,35516,36385,65535,0
528,505920,9136,16596,57316,48645,31343,40982,65535,0
529,506880,7767,13978,59267,50888,23731,46739,65535,0
530,507840,9778,14489,57766,49804,17292,53231,65535,0
531,508800,14885,18240,53067,45738,12383,55034,65535,0
532,509760,21626,23956,46419,40020,11659,52157,65535,0
533,510720,28356,29960,39269,33965,17567,49688,65535,0
534,511680,35244,36169,31958,28016,23515,43452,65535,0
535,512640,42172,42334,24782,22281,27212,35246,65535,0
536,513600,49089,48412,17484,16253,32620,31550,65535,0
537,514560,55697,54436,10756,10338,34646,27196,65535,0
538,515520,60996,59824,5311,5127,36912,22357,65535,0
539,516480,63738,63513,2058,1693,43700,17468,65535,0
540,517440,63132,64358,2114,1371,50776,10864,65535,0
541,518400,59215,61910,5574,4292,56395,6534,65535,0
542,519360,52974,56830,11553,9468,59347,7998,65535,0
543,520320,46176,50880,18547,15443,56329,10735,65535,0
544,521280,39466,44826,25777,21429,49138,14629,65535,0
545,522240,32519,38599,32994,27191,45144,23276,65535,0
546,523200,25675,32560,40193,33042,40080,28587,65535,0
547,524160,18857,26486,47254,39079,36450,32115,65535,0
548,525120,12891,20747,53277,44644,35284,37090,65535,0
549,526080,8952,16210,57583,48991,30259,41644,65535,0
550,527040,8160,14093,58959,50682,22653,47760,65535,0
551,528000,10714,15153,56905,49057,16389,53870,65535,0
552,528960,16149,19293,51850,44657,11861,54824,65535,0
553,529920,22894,25078,45126,38874,12073,51863,65535,0
554,530880,29532,31040,38015,32876,18646,49240,65535,0
555,531840,36404,37232,30778,27026,23854,42054,65535,0
556,532800,43232,43302,23667,21326,27993,34600,65535,0
557,533760,50088,49343,16449,15320,33169,31096,65535,0
558,534720,56496,55262,9953,9540,34754,26443,65535,0
559,535680,61413,60412,4827,4568,37804,21724,65535,0
560,536640,63602,63661,2096,1615,44959,16560,65535,0
561,537600,62439,63970,2727,1857,51770,9910,65535,0
562,538560,58077,61030,6650,5217,57114,6449,65535,0
563,539520,51682,55729,12842,10578,59281,8459,65535,0
564,540480,44992,49817,19824,16524,55041,11060,65535,0
565,541440,38288,43757,27013,22438,48308,15870,65535,0
566,542400,31424,37614,34130,28119,44539,24456,65535,0
567,543360,24622,31624,41304,33985,39258,28967,65535,0
568,544320,17937,25619,48176,39922,36363,32836,65535,0
569,545280,12266,20053,53931,45310,34871,37780,65535,0
570,546240,8816,15867,57812,49283,29056,42420,65535,0
571,547200,8599,14266,58606,50412,21582,48805,65535,0
572,548160,11682,15870,56009,48269,15525,54350,65535,0
573,549120,17408,20363,50624,43576,11520,54414,65535,0
574,550080,24127,26181,43847,37749,12745,51552,65535,0
575,551040,30708,32122,36761,31813,19745,48465,65535,0
576,552000,37551,38284,29594,26058,24418,40514,65535,0
577,552960,44306,44277,22517,20365,29062,33921,65535,0
578,553920,51095,50279,15407,14399,33693,30440,65535,0
579,554880,57289,56081,9149,8754,34955,25638,65535,0
580,555840,61797,60959,4372,4048,38751,21110,65535,0
581,556800,63419,63743,2192,1608,46080,15637,65535,0
582,557760,61702,63510,3393,2405,52632,9103,65535,0
583,558720,56929,60102,7751,6171,57655,6613,65535,0
584,559680,50424,54631,14123,11675,58911,9023,65535,0
585,560640,43825,48755,21095,17591,53623,11548,65535,0
586,561600,37105,42685,28247,23431,47553,17349,65535,0
587,562560,30318,36629,35285,29054,43822,25551,65535,0
588,563520,23549,30675,42430,34933,38496,29474,65535,0
589,564480,17014,24746,49103,40759,36240,33702,65535,0
590,565440,11669,19378,54578,45955,34179,38473,65535,0
591,566400,8735,15576,57993,49516,27751,43255,65535,0
592,567360,9088,14504,58200,50080,20541,49795,65535,0
593,568320,12679,16638,55077,47444,14755,54625,65535,0
594,569280,18655,21446,49390,42496,11449,53837,65535,0
595,570240,25325,27273,42572,36649,13834,51101,65535,0
596,571200,31888,33212,35498,30772,20909,47331,65535,0
597,572160,38689,39330,28402,25105,25193,38894,65535,0
598,573120,45401,45261,21339,19398,30219,33229,65535,0
599,574080,52113,51217,14364,13486,34081,29665,65535,0
600,575040,58072,56886,8348,7980,35235,24868,65535,0
601,576000,62142,61462,3951,3577,39749,20495,65535,0
602,576960,63184,63759,2346,1671,47101,14701,65535,0
603,577920,60917,62976,4113,3013,53413,8505,65535,0
604,578880,55765,59135,8877,7151,58057,6963,65535,0
605,579840,49191,53539,15393,12760,58338,9662,65535,0
606,580800,42659,47687,22360,18644,52253,12266,65535,0
607,581760,35921,41616,29477,24407,46874,18996,65535,0
608,582720,29203,35642,36469,30001,42853,26532,65535,0
609,583680,22466,29714,43567,35879,37713,30143,65535,0
610,584640,16099,23875,50033,41590,35993,34622,65535,0
611,585600,11107,18726,55206,46573,33288,39210,65535,0
612,586560,8712,15345,58114,49681,26497,44153,65535,0
613,587520,9631,14811,57732,49684,19609,50677,65535,0
614,588480,13704,17459,54104,46587,14156,54627,65535,0
615,589440,19889,22538,48146,41418,11648,53099,65535,0
616,590400,26493,28356,41295,35575,15314,50438,65535,0
617,591360,33074,34309,34226,29752,22098,45870,65535,0
618,592320,39827,40363,27201,24157,26082,37366,65535,0
619,593280,46519,46250,20145,18424,31268,32555,65535,0
620,594240,53136,52153,13329,12581,34315,28827,65535,0
621,595200,58832,57669,7565,7226,35593,24112,65535,0
622,596160,62433,61915,3578,3165,40836,19776,65535,0
623,597120,62889,63703,2562,1810,48111,13743,65535,0
624,598080,60080,62370,4888,3682,54155,8080,65535,0
625,599040,54586,58135,10031,8150,58304,7489,65535,0
626,600000,47980,52456,16658,13838,57560,10277,65535,0
627,600960,41486,46612,23630,19683,50906,13240,65535,0
628,601920,34744,40552,30707,25366,46111,20783,65535,0
629,602880,28078,34645,37681,30956,41659,27522,65535,0
630,603840,21379,28746,44706,36818,36978,30973,65535,0
631,604800,15198,23011,50952,42414,35688,35540,65535,0
632,605760,10591,18113,55793,47156,32330,39878,65535,0
633,606720,8754,15184,58159,49775,25365,45027,65535,0
634,607680,10236,15192,57192,49222,18814,51443,65535,0
635,608640,14760,18334,53087,45696,13733,54378,65535,0
636,609600,21110,23632,46897,40347,12105,52272,65535,0
637,610560,27649,29431,40021,34518,16935,49669,65535,0
638,611520,34268,35407,32957,28750,23152,44179,65535,0
639,612480,40973,41386,25994,23208,26965,35977,65535,0
640,613440,47651,47240,18948,17446,32184,31904,65535,0
641,614400,54148,53080,12307,11689,34504,27939,65535,0
642,615360,59546,58420,6809,6502,36179,23417,65535,0
643,616320,62649,62305,3270,2823,42049,19004,65535,0
644,617280,62523,63570,2849,2030,49101,12794,65535,0
645,618240,59187,61694,5722,4408,54852,7828,65535,0
646,619200,53396,57107,11210,9163,58357,8186,65535,0
647,620160,46793,51381,17922,14906,56469,10912,65535,0
648,621120,40306,45531,24908,20706,49566,14478,65535,0
649,622080,33579,39497,31938,26313,45173,22590,65535,0
650,623040,26943,33647,38911,31921,40341,28422,65535,0
651,624000,20294,27782,45828,37749,36400,31850,65535,0
652,624960,14324,22166,51845,43224,35380,36378,65535,0
653,625920,10135,17552,56320,47690,31394,40484,65535,0
654,626880,8874,15098,58116,49791,24379,45897,65535,0
655,627840,10913,15653,56574,48692,18102,52030,65535,0
656,628800,15853,19258,52025,44768,13408,53946,65535,0
657,629760,22319,24720,45644,39283,12760,51436,65535,0
658,630720,28805,30503,38751,33472,18486,48822,65535,0
659,631680,35464,36492,31698,27765,24045,42437,65535,0
660,632640,42121,42397,24775,22252,27958,34804,65535,0
661,633600,48785,48230,17756,16474,33018,31183,65535,0
662,634560,55136,53995,11307,10815,34733,27005,65535,0
663,635520,60203,59133,6095,5817,36970,22718,65535,0
664,636480,62779,62620,3046,2564,43258,18180,65535,0
665,637440,62078,63351,3221,2330,50007,11950,65535,0
666,638400,58238,60949,6622,5188,55424,7794,65535,0
667,639360,52198,56056,12416,10192,58160,8983,65535,0
668,640320,45631,50313,19191,15956,55011,11668,65535,0
669,641280,39119,44444,26191,21714,48252,15953,65535,0
670,642240,32422,38458,33164,27254,44196,24281,65535,0
671,643200,25798,32652,40140,32891,39182,29231,65535,0
672,644160,19222,26830,46920,38668,36075,32720,65535,0
673,645120,13492,21352,52696,44010,35065,37127,65535,0
674,646080,9755,17050,56774,48159,30406,41118,65535,0
675,647040,9082,15093,57984,49722,23419,46771,65535,0
676,648000,11668,16197,55876,48089,17424,52449,65535,0
677,648960,16982,20221,50918,43810,13189,53405,65535,0
678,649920,23518,25797,44391,38224,13542,50667,65535,0
679,650880,29970,31576,37481,32439,19916,47801,65535,0
680,651840,36652,37563,30454,26803,24852,40613,65535,0
681,652800,43266,43403,23546,21292,29119,33753,65535,0
682,653760,49906,49213,16582,15516,33791,30386,65535,0
683,654720,56088,54887,10339,9959,35015,26123,65535,0
684,655680,60789,59795,5445,5180,37852,22083,65535,0
685,656640,62818,62850,2923,2393,44360,17366,65535,0
686,657600,61548,63043,3688,2713,50785,11213,65535,0
687,658560,57235,60137,7586,6018,55850,7999,65535,0
688,659520,50998,54992,13640,11228,57769,9859,65535,0
689,660480,44482,49254,20459,16990,53396,12492,65535,0
690,661440,37926,43359,27466,22706,47096,17617,65535,0
691,662400,31268,37439,34383,28193,43269,25739,65535,0
692,663360,24650,31665,41355,33864,38225,29898,65535,0
693,664320,18176,25897,47974,39572,35897,33552,65535,0
694,665280,12712,20590,53482,44772,35296,37371,65535,65535
695,666240,9340,16768,57011,48712,35296,35283,65535,65535
696,667200,9120,15490,57495,49888,35296,33341,65535,65535
697,668160,12134,17285,54725,47857,35296,31622,65535,65535
698,669120,17732,21696,49370,43253,35296,30774,65535,65535
699,670080,24344,27219,42827,37499,35296,30774,65535,65535
700,671040,30967,32888,36035,31625,35296,30774,65535,65535
701,672000,35904,38890,30390,26137,35296,30774,65535,65535
702,672960,35904,39234,30390,25894,35295,30774,65535,65535
703,673920,35904,39234,30390,25894,35295,30774,65535,65535
704,674880,35904,39234,30390,25895,35295,30774,65535,65535
705,675840,35904,39234,30390,25894,35295,30774,65535,65535
706,676800,35904,39234,30390,25895,35295,30774,65535,65535
707,677760,35904,39234,30390,25895,35295,30774,65535,65535
708,678720,35904,39234,30390,25895,35295,30774,65535,65535
709,679680,35904,39234,30390,25895,35295,30774,65535,65535
710,680640,35904,39234,30390,25895,35295,30774,65535,65535
711,681600,35904,39233,30390,25895,35295,30774,65535,65535
712,682560,35904,39233,30390,25895,35295,30774,65535,65535
713,683520,35904,39233,30390,25895,35295,30774,65535,65535
714,684480,35904,39233,30390,25895,35295,30774,65535,65535
715,685440,35904,39233,30390,25895,35295,30774,65535,65535
716,686400,35904,39233,30390,25895,35296,30774,65535,65535
717,687360,35904,39233,30390,25895,35296,30774,65535,65535
718,688320,35904,39233,30390,25895,35296,30774,65535,65535
719,689280,35904,39233,30390,25894,35296,30774,65535,65535
720,690240,35904,39234,30390,25894,35296,30774,65535,65535
721,691200,35904,39234,30390,25894,35296,30774,65535,65535
722,692160,35904,39234,30390,25894,35295,30774,65535,65535
723,693120,35904,39234,30390,25894,35295,30774,65535,65535
724,694080,35904,39234,30390,25894,35295,30774,65535,65535
725,695040,35904,39234,30390,25894,35295,30774,65535,65535
726,696000,35904,39234,30390,25895,35295,30774,65535,65535
727,696960,35904,39234,30390,25895,35295,30774,65535,65535
728,697920,35904,39234,30390,25895,35295,30774,65535,65535
729,698880,35904,39234,30390,25895,35295,30774,65535,65535
730,699840,35904,39234,30390,25895,35295,30774,65535,65535
731,700800,35904,39234,30390,25895,35295,30774,65535,65535
732,701760,35904,39233,30390,25895,35295,30774,65535,65535
733,702720,35904,39233,30390,25895,35295,30774,65535,65535
734,703680,35904,39233,30390,25895,35295,30774,65535,65535
735,704640,35904,39233,30390,25895,35295,30774,65535,65535
736,705600,35904,39233,30390,25895,35295,30774,65535,65535
737,706560,35904,39233,30390,25895,35296,30774,65535,65535
738,707520,35904,39233,30390,25895,35296,30774,65535,65535
739,708480,35904,39233,30390,25894,35296,30774,65535,65535
740,709440,35904,39233,30390,25894,35296,30774,65535,65535
741,710400,35904,39234,30390,25894,35296,30774,65535,65535
742,711360,35904,39234,30390,25894,35296,30774,65535,65535
743,712320,35904,39234,30390,25894,35295,30774,65535,65535
744,713280,35904,39234,30390,25894,35295,30774,65535,65535
745,714240,35904,39234,30390,25894,35295,30774,65535,65535
746,715200,35904,39234,30390,25894,35295,30774,65535,65535
747,716160,35904,39234,30390,25895,35295,30774,65535,65535
748,717120,35904,39234,30390,25895,35295,30774,65535,65535
749,718080,35904,39234,30390,25895,35295,30774,65535,65535
750,719040,35904,39234,30390,25895,35295,30774,65535,65535
751,720000,35904,39234,30390,25895,35295,30774,65535,65535
752,720960,35904,39233,30390,25895,35295,30774,65535,65535
753,721920,35904,39233,30390,25895,35295,30774,65535,65535
754,722880,35904,39233,30390,25895,35295,30774,65535,65535
755,723840,35904,39233,30390,25895,35295,30774,65535,65535
756,724800,35904,39233,30390,25895,35295,30774,65535,65535
757,725760,35904,39233,30390,25895,35296,30774,65535,65535
758,726720,35904,39233,30390,25895,35296,30774,65535,65535
759,727680,35904,39233,30390,25895,35296,30774,65535,65535
760,728640,35904,39233,30390,25894,35296,30774,65535,65535
761,729600,35904,39233,30390,25894,35296,30774,65535,65535
762,730560,35904,39234,30390,25894,35296,30774,65535,65535
763,731520,35904,39234,30390,25894,35296,30774,65535,65535
764,732480,35904,39234,30390,25894,35295,30774,65535,65535
765,733440,35904,39234,30390,25894,35295,30774,65535,65535
766,734400,35904,39234,30390,25894,35295,30774,65535,65535
767,735360,35904,39234,30390,25894,35295,30774,65535,65535
768,736320,35904,39234,30390,25895,35295,30774,65535,65535
769,737280,35904,39234,30390,25895,35295,30774,65535,65535
770,738240,35904,39234,30390,25895,35295,30774,65535,65535
771,739200,35904,39234,30390,25895,35295,30774,65535,65535
772,740160,35904,39234,30390,25895,35295,30774,65535,65535
773,741120,35904,39233,30390,25895,35295,30774,65535,65535
774,742080,35904,39233,30390,25895,35295,30774,65535,65535
775,743040,35904,39233,30390,25895,35295,30774,65535,65535
776,744000,35904,39233,30390,25895,35295,30774,65535,65535
777,744960,35904,39233,30390,25895,35295,30774,65535,65535
778,745920,35904,39233,30390,25895,35296,30774,65535,65535
779,746880,35904,39233,30390,25895,35296,30774,65535,65535
780,747840,35904,39233,30390,25895,35296,30774,65535,65535
781,748800,35904,39233,30390,25894,35296,30774,65535,65535
782,749760,35904,39233,30390,25894,35296,30774,65535,65535
783,750720,35904,39234,30390,25894,35296,30774,65535,65535
784,751680,35904,39234,30390,25894,35296,30774,65535,65535
785,752640,35904,39234,30390,25894,35295,30774,65535,65535
786,753600,35904,39234,30390,25894,35295,30774,65535,65535
787,754560,35904,39234,30390,25894,35295,30774,65535,65535
788,755520,35904,39234,30390,25894,35295,30774,65535,65535
789,756480,35904,39234,30390,25895,35295,30774,65535,65535
790,757440,35904,39234,30390,25895,35295,30774,65535,65535
791,758400,35904,39234,30390,25895,35295,30774,65535,65535
792,759360,35904,39234,30390,25895,35295,30774,65535,65535
793,760320,35904,39234,30390,25895,35295,30774,65535,65535
794,761280,35904,39233,30390,25895,35295,30774,65535,65535
795,762240,35904,39233,30390,25895,35295,30774,65535,65535
796,763200,35904,39233,30390,25895,35295,30774,65535,65535
797,764160,35904,39233,30390,25895,35295,30774,65535,65535
798,765120,35904,39233,30390,25895,35295,30774,65535,65535
799,766080,35904,39233,30390,25895,35296,30774,65535,65535
800,767040,35904,39233,30390,25895,35296,30774,65535,65535
801,768000,35904,39233,30390,25895,35296,30774,65535,65535
802,768960,35904,39233,30390,25894,35296,30774,65535,65535
803,769920,35904,39233,30390,25894,35296,30774,65535,65535
804,770880,35904,39234,30390,25894,35296,30774,65535,65535
805,771840,35904,39234,30390,25894,35296,30774,65535,65535
806,772800,35904,39234,30390,25894,35295,30774,65535,65535
807,773760,35904,39234,30390,25894,35295,30774,65535,65535
808,774720,35904,39234,30390,25894,35295,30774,65535,65535
809,775680,35904,39234,30390,25894,35295,30774,65535,65535
810,776640,35904,39234,30390,25895,35295,30774,65535,65535
811,777600,35904,39234,30390,25895,35295,30774,65535,65535
812,778560,35904,39234,30390,25895,35295,30774,65535,65535
813,779520,35904,39234,30390,25895,35295,30774,65535,65535
814,780480,35904,39234,30390,25895,35295,30774,65535,65535
815,781440,35904,39233,30390,25895,35295,30774,65535,65535
816,782400,35904,39233,30390,25895,35295,30774,65535,65535
817,783360,35904,39233,30390,25895,35295,30774,65535,65535
818,784320,35904,39233,30390,25895,35295,30774,65535,65535
819,785280,35904,39233,30390,25895,35295,30774,65535,65535
820,786240,35904,39233,30390,25895,35296,30774,65535,65535
821,787200,35904,39233,30390,25895,35296,30774,65535,65535
822,788160,35904,39233,30390,25894,35296,30774,65535,65535
823,789120,35904,39233,30390,25894,35296,30774,65535,65535
824,790080,35904,39234,30390,25894,35296,30774,65535,65535
825,791040,35904,39234,30390,25894,35296,30774,65535,65535
826,792000,35904,39234,30390,25894,35296,30774,65535,65535
827,792960,35904,39234,30390,25894,35295,30774,65535,65535
828,793920,35904,39234,30390,25894,35295,30774,65535,65535
829,794880,35904,39234,30390,25894,35295,30774,65535,65535
830,795840,35904,39234,30390,25894,35295,30774,65535,65535
831,796800,35904,39234,30390,25895,35295,30774,65535,65535
832,797760,35904,39234,30390,25895,35295,30774,65535,65535
833,798720,35904,39234,30390,25895,35295,30774,65535,65535
834,799680,35904,39234,30390,25895,35295,30774,65535,65535
835,800640,35904,39234,30390,25895,35295,30774,65535,65535
836,801600,35904,39233,30390,25895,35295,30774,65535,65535
837,802560,35904,39233,30390,25895,35295,30774,65535,65535
838,803520,35904,39233,30390,25895,35295,30774,65535,65535
839,804480,35904,39233,30390,25895,35295,30774,65535,65535
840,805440,35904,39233,30390,25895,35296,30774,65535,65535
841,806400,35904,39233,30390,25895,35296,30774,65535,65535
842,807360,35904,39233,30390,25895,35296,30774,65535,65535
843,808320,35904,39233,30390,25894,35296,30774,65535,65535
844,809280,35904,39233,30390,25894,35296,30774,65535,65535
845,810240,35904,39234,30390,25894,35296,30774,65535,65535
846,811200,35904,39234,30390,25894,35296,30774,65535,65535
847,812160,35904,39234,30390,25894,35295,30774,65535,65535
848,813120,35904,39234,30390,25894,35295,30774,65535,65535
849,814080,35904,39234,30390,25894,35295,30774,65535,65535
850,815040,35904,39234,30390,25894,35295,30774,65535,65535
851,816000,35904,39234,30390,25895,35295,30774,65535,65535
852,816960,35904,39234,30390,25895,35295,30774,65535,65535
853,817920,35904,39234,30390,25895,35295,30774,65535,65535
854,818880,35904,39234,30390,25895,35295,30774,65535,65535
855,819840,35904,39234,30390,25895,35295,30774,65535,65535
856,820800,35904,39233,30390,25895,35295,30774,65535,65535
857,821760,35904,39233,30390,25895,35295,30774,65535,65535
858,822720,35904,39233,30390,25895,35295,30774,65535,65535
859,823680,35904,39233,30390,25895,35295,30774,65535,65535
860,824640,35904,39233,30390,25895,35295,30774,65535,65535
861,825600,35904,39233,30390,25895,35296,30774,65535,65535
862,826560,35904,39233,30390,25895,35296,30774,65535,65535
863,827520,35904,39233,30390,25895,35296,30774,65535,65535
864,828480,35904,39233,30390,25894,35296,30774,65535,65535
865,829440,35904,39233,30390,25894,35296,30774,65535,65535
866,830400,35904,39234,30390,25894,35296,30774,65535,65535
867,831360,35904,39234,30390,25894,35296,30774,65535,65535
868,832320,35904,39234,30390,25894,35295,30774,65535,65535
869,833280,35904,39234,30390,25894,35295,30774,65535,65535
870,834240,35904,39234,30390,25894,35295,30774,65535,65535
871,835200,35904,39234,30390,25894,35295,30774,65535,65535
872,836160,35904,39234,30390,25895,35295,30774,65535,65535
873,837120,35904,39234,30390,25895,35295,30774,65535,65535
874,838080,35904,39234,30390,25895,35295,30774,65535,65535
875,839040,35904,39234,30390,25895,35295,30774,65535,65535
876,840000,35904,39234,30390,25895,35295,30774,65535,65535
877,840960,35904,39233,30390,25895,35295,30774,65535,65535
878,841920,35904,39233,30390,25895,35295,30774,65535,65535
879,842880,35904,39233,30390,25895,35295,30774,65535,65535
880,843840,35904,39233,30390,25895,35295,30774,65535,65535
881,844800,35904,39233,30390,25895,35295,30774,65535,65535
882,845760,35904,39233,30390,25895,35296,30774,65535,65535
883,846720,35904,39233,30390,25895,35296,30774,65535,65535
884,847680,35904,39233,30390,25895,35296,30774,65535,65535
885,848640,35904,39233,30390,25894,35296,30774,65535,65535
886,849600,35904,39233,30390,25894,35296,30774,65535,65535
887,850560,35904,39234,30390,25894,35296,30774,65535,65535
888,851520,35904,39234,30390,25894,35296,30774,65535,65535
889,852480,35904,39234,30390,25894,35295,30774,65535,65535
890,853440,35904,39234,30390,25894,35295,30774,65535,65535
891,854400,35904,39234,30390,25894,35295,30774,65535,65535
892,855360,35904,39234,30390,25894,35295,30774,65535,65535
893,856320,35904,39234,30390,25895,35295,30774,65535,65535
894,857280,35904,39234,30390,25895,35295,30774,65535,65535
895,858240,35904,39234,30390,25895,35295,30774,65535,65535
896,859200,35904,39234,30390,25895,35295,30774,65535,65535
897,860160,35904,39234,30390,25895,35295,30774,65535,65535
898,861120,35904,39233,30390,25895,35295,30774,65535,65535
899,862080,35904,39233,30390,25895,35295,30774,65535,65535
900,863040,35904,39233,30390,25895,35295,30774,65535,65535
901,864000,35904,39233,30390,25895,35295,30774,65535,65535
902,864960,35904,39233,30390,25895,35295,30774,65535,65535
903,865920,35904,39233,30390,25895,35296,30774,65535,65535
904,866880,35904,39233,30390,25895,35296,30774,65535,65535
905,867840,35904,39233,30390,25895,35296,30774,65535,65535
906,868800,35904,39233,30390,25894,35296,30774,65535,65535
907,869760,35904,39233,30390,25894,35296,30774,65535,65535
908,870720,35904,39234,30390,25894,35296,30774,65535,65535
909,871680,35904,39234,30390,25894,35296,30774,65535,65535
910,872640,35904,39234,30390,25894,35295,30774,65535,65535
911,873600,35904,39234,30390,25894,35295,30774,65535,65535
912,874560,35904,39234,30390,25894,35295,30774,65535,65535
913,875520,35904,39234,30390,25894,35295,30774,65535,65535
914,876480,35904,39234,30390,25895,35295,30774,65535,65535
915,877440,35904,39234,30390,25895,35295,30774,65535,65535
916,878400,35904,39234,30390,25895,35295,30774,65535,65535
917,879360,35904,39234,30390,25895,35295,30774,65535,65535
918,880320,35904,39234,30390,25895,35295,30774,65535,65535
919,881280,35904,39233,30390,25895,35295,30774,65535,65535
920,882240,35904,39233,30390,25895,35295,30774,65535,65535
921,883200,35904,39233,30390,25895,35295,30774,65535,65535
922,884160,35904,39233,30390,25895,35295,30774,65535,65535
923,885120,35904,39233,30390,25895,35295,30774,65535,65535
924,886080,35904,39233,30390,25895,35296,30774,65535,65535
925,887040,35904,39233,30390,25895,35296,30774,65535,65535
926,888000,35904,39233,30390,25895,35296,30774,65535,65535
927,888960,35904,39233,30390,25894,35296,30774,65535,65535
928,889920,35904,39233,30390,25894,35296,30774,65535,65535
929,890880,35904,39234,30390,25894,35296,30774,65535,65535
930,891840,35904,39234,30390,25894,35296,30774,65535,65535
931,892800,35904,39234,30390,25894,35295,30774,65535,65535
932,893760,35904,39234,30390,25894,35295,30774,65535,65535
933,894720,35904,39234,30390,25894,35295,30774,65535,65535
934,895680,35904,39234,30390,25894,35295,30774,65535,65535
935,896640,35904,39234,30390,25895,35295,30774,65535,65535
936,897600,35904,39234,30390,25895,35295,30774,65535,65535
937,898560,35904,39234,30390,25895,35295,30774,65535,65535
938,899520,35904,39234,30390,25895,35295,30774,65535,65535
939,900480,35904,39234,30390,25895,35295,30774,65535,65535
940,901440,35904,39233,30390,25895,35295,30774,65535,65535
941,902400,35904,39233,30390,25895,35295,30774,65535,65535
942,903360,35904,39233,30390,25895,35295,30774,65535,65535
943,904320,35904,39233,30390,25895,35295,30774,65535,65535
944,905280,35904,39233,30390,25895,35296,30774,65535,65535
945,906240,35904,39233,30390,25895,35296,30774,65535,65535
946,907200,35904,39233,30390,25895,35296,30774,65535,65535
947,908160,35904,39233,30390,25894,35296,30774,65535,65535
948,909120,35904,39233,30390,25894,35296,30774,65535,65535
949,910080,35904,39234,30390,25894,35296,30774,65535,65535
950,911040,35904,39234,30390,25894,35296,30774,65535,65535
951,912000,35904,39234,30390,25894,35296,30774,65535,65535
952,912960,35904,39234,30390,25894,35295,30774,65535,65535
953,913920,35904,39234,30390,25894,35295,30774,65535,65535
954,914880,35904,39234,30390,25894,35295,30774,65535,65535
955,915840,35904,39234,30390,25894,35295,30774,65535,65535
956,916800,35904,39234,30390,25895,35295,30774,65535,65535
957,917760,35904,39234,30390,25895,35295,30774,65535,65535
958,918720,35904,39234,30390,25895,35295,30774,65535,65535
959,919680,35904,39234,30390,25895,35295,30774,65535,65535
960,920640,35904,39234,30390,25895,35295,30774,65535,65535
961,921600,35904,39233,30390,25895,35295,30774,65535,65535
962,922560,35904,39233,30390,25895,35295,30774,65535,65535
963,923520,35904,39233,30390,25895,35295,30774,65535,65535
964,924480,35904,39233,30390,25895,35295,30774,65535,65535
965,925440,35904,39233,30390,25895,35296,30774,65535,65535
966,926400,35904,39233,30390,25895,35296,30774,65535,65535
967,927360,35904,39233,30390,25895,35296,30774,65535,65535
968,928320,35904,39233,30390,25894,35296,30774,65535,65535
969,929280,35904,39233,30390,25894,35296,30774,65535,65535
970,930240,35904,39234,30390,25894,35296,30774,65535,65535
971,931200,35904,39234,30390,25894,35296,30774,65535,65535
972,932160,35904,39234,30390,25894,35295,30774,65535,65535
973,933120,35904,39234,30390,25894,35295,30774,65535,65535
974,934080,35904,39234,30390,25894,35295,30774,65535,65535
975,935040,35904,39234,30390,25894,35295,30774,65535,65535
976,936000,35904,39234,30390,25895,35295,30774,65535,65535
977,936960,35904,39234,30390,25895,35295,30774,65535,65535
978,937920,35904,39234,30390,25895,35295,30774,65535,65535
979,938880,35904,39234,30390,25895,35295,30774,65535,65535
980,939840,35904,39234,30390,25895,35295,30774,65535,65535
981,940800,35904,39234,30390,25895,35295,30774,65535,65535
982,941760,35904,39233,30390,25895,35295,30774,65535,65535
983,942720,35904,39233,30390,25895,35295,30774,65535,65535
984,943680,35904,39233,30390,25895,35295,30774,65535,65535
985,944640,35904,39233,30390,25895,35295,30774,65535,65535
986,945600,35904,39233,30390,25895,35296,30774,65535,65535
987,946560,35904,39233,30390,25895,35296,30774,65535,65535
988,947520,35904,39233,30390,25895,35296,30774,65535,65535
989,948480,35904,39233,30390,25894,35296,30774,65535,65535
990,949440,35904,39233,30390,25894,35296,30774,65535,65535
991,950400,35904,39234,30390,25894,35296,30774,65535,65535
992,951360,35904,39234,30390,25894,35296,30774,65535,65535
993,952320,35904,39234,30390,25894,35295,30774,65535,65535
994,953280,35904,39234,30390,25894,35295,30774,65535,65535
995,954240,35904,39234,30390,25894,35295,30774,65535,65535
996,955200,35904,39234,30390,25894,35295,30774,65535,65535
997,956160,35904,39234,30390,25895,35295,30774,65535,65535
998,957120,35904,39234,30390,25895,35295,30774,65535,65535
999,958080,35904,39234,30390,25895,35295,30774,65535,65535
1000,959040,35904,39234,30390,25895,35295,30774,65535,65535
1001,960000,35904,39234,30390,25895,35295,30774,65535,65535
1002,960960,35904,39233,30390,25895,35295,30774,65535,65535
1003,961920,35904,39233,30390,25895,35295,30774,65535,65535
1004,962880,35904,39233,30390,25895,35295,30774,65535,65535
1005,963840,35904,39233,30390,25895,35295,30774,65535,65535
1006,964800,35904,39233,30390,25895,35295,30774,65535,65535
1007,965760,35904,39233,30390,25895,35296,30774,65535,65535
1008,966720,35904,39233,30390,25895,35296,30774,65535,65535
1009,967680,35904,39233,30390,25895,35296,30774,65535,65535
1010,968640,35904,39233,30390,25894,35296,30774,65535,65535
1011,969600,35904,39233,30390,25894,35296,30774,65535,65535
1012,970560,35904,39234,30390,25894,35296,30774,65535,65535
1013,971520,35904,39234,30390,25894,35296,30774,65535,65535
1014,972480,35904,39234,30390,25894,35295,30774,65535,65535
1015,973440,35904,39234,30390,25894,35295,30774,65535,65535
1016,974400,35904,39234,30390,25894,35295,30774,65535,65535
1017,975360,35904,39234,30390,25894,35295,30774,65535,65535
1018,976320,35904,39234,30390,25895,35295,30774,65535,65535
1019,977280,35904,39234,30390,25895,35295,30774,65535,65535
1020,978240,35904,39234,30390,25895,35295,30774,65535,65535
1021,979200,35904,39234,30390,25895,35295,30774,65535,65535
1022,980160,35904,39234,30390,25895,35295,30774,65535,65535
1023,981120,35904,39233,30390,25895,35295,30774,65535,65535
1024,982080,35904,39233,30390,25895,35295,30774,65535,65535
1025,983040,35904,39233,30390,25895,35295,30774,65535,65535
1026,984000,35904,39233,30390,25895,35295,30774,65535,65535
1027,984960,35904,39233,30390,25895,35295,30774,65535,65535
1028,985920,35904,39233,30390,25895,35296,30774,65535,65535
1029,986880,35904,39233,30390,25895,35296,30774,65535,65535
1030,987840,35904,39233,30390,25895,35296,30774,65535,65535
1031,988800,35904,39233,30390,25894,35296,30774,65535,65535
1032,989760,35904,39233,30390,25894,35296,30774,65535,65535
1033,990720,35904,39234,30390,25894,35296,30774,65535,65535
1034,991680,35904,39234,30390,25894,35296,30774,65535,65535
1035,992640,35904,39234,30390,25894,35295,30774,65535,65535
1036,993600,35904,39234,30390,25894,35295,30774,65535,65535
1037,994560,35904,39234,30390,25894,35295,30774,65535,65535
1038,995520,35904,39234,30390,25894,35295,30774,65535,65535
1039,996480,35904,39234,30390,25895,35295,30774,65535,65535
1040,997440,35904,39234,30390,25895,35295,30774,65535,65535
1041,998400,35904,39234,30390,25895,35295,30774,65535,65535
1042,999360,35904,39234,30390,25895,35295,30774,65535,65535
