1,0,15477,51826,34431,28268,32068,36465,0,0
2,960,8944,57964,34336,28443,32555,35829,0,0
3,1920,4353,61943,34092,28793,33071,35174,0,0
4,2880,2118,63405,33720,29285,33571,34559,0,0
5,3840,2440,62217,33254,29875,34009,34041,0,0
6,4800,5291,58487,32736,30511,34346,33665,0,0
7,5760,10413,52551,32212,31135,34550,33465,0,0
8,6720,17343,44945,31730,31690,34604,33460,0,0
9,7680,25456,36357,31334,32126,34503,33651,0,0
10,8640,34020,27560,31059,32405,34256,34019,0,0
11,9600,42262,19350,30930,32500,33885,34532,0,0
12,10560,49437,12467,30959,32403,33424,35143,0,0
13,11520,54899,7533,31142,32124,32913,35797,0,0
14,12480,58153,4993,31465,31686,32401,36436,0,0
15,13440,58906,5076,31896,31131,31932,37001,0,0
16,14400,57090,7775,32398,30507,31549,37441,0,0
17,15360,52870,12846,32926,29871,31286,37718,0,0
18,16320,46625,19832,33430,29281,31168,37804,0,0
19,17280,38921,28102,33867,28790,31205,37694,0,0
20,18240,30451,36909,34196,28441,31393,37397,0,0
21,19200,21981,45458,34389,28268,31716,36940,0,0
22,20160,14276,52978,34426,28285,32145,36363,0,0
23,21120,8031,58789,34306,28490,32640,35720,0,0
24,22080,3809,62368,34038,28866,33157,35067,0,0
25,23040,1992,63391,33648,29378,33650,34465,0,0
26,24000,2744,61765,33170,29980,34073,33967,0,0
27,24960,5997,57638,32647,30618,34390,33618,0,0
28,25920,11457,51382,32128,31234,34570,33451,0,0
29,26880,18632,43562,31657,31772,34598,33479,0,0
30,27840,26873,34884,31279,32185,34472,33700,0,0
31,28800,35437,26130,31027,32434,34202,34095,0,0
32,29760,43551,18092,30924,32497,33813,34628,0,0
33,30720,50482,11495,30979,32369,33341,35251,0,0
34,31680,55605,6935,31187,32061,32827,35906,0,0
35,32640,58456,4822,31530,31601,32318,36537,0,0
36,33600,58780,5348,31976,31030,31861,37084,0,0
37,34560,56546,8466,32486,30400,31496,37500,0,0
38,35520,51956,13893,33013,29768,31256,37746,0,0
39,36480,45425,21141,33509,29191,31164,37800,0,0
40,37440,37542,29554,33930,28721,31226,37657,0,0
41,38400,29019,38373,34239,28400,31439,37331,0,0
42,39360,20624,46803,34406,28257,31781,36851,0,0
43,40320,13117,54081,34417,28306,32224,36259,0,0
44,41280,7174,59552,34271,28542,32726,35610,0,0
45,42240,3332,62721,33981,28943,33242,34962,0,0
46,43200,1938,63303,33573,29473,33726,34373,0,0
47,44160,3118,61244,33085,30085,34135,33898,0,0
48,45120,6765,56730,32559,30723,34430,33577,0,0
49,46080,12550,50170,32044,31330,34586,33442,0,0
50,47040,19951,42155,31587,31851,34588,33503,0,0
51,48000,28299,33409,31227,32238,34436,33755,0,0
52,48960,36841,24720,30999,32458,34145,34176,0,0
53,49920,44807,16875,30922,32489,33739,34727,0,0
54,50880,51476,10580,31003,32330,33257,35359,0,0
55,51840,56247,6405,31236,31994,32741,36015,0,0
56,52800,58690,4725,31598,31512,32237,36635,0,0
57,53760,58583,5693,32058,30928,31793,37164,0,0
58,54720,55936,9221,32574,30293,31447,37553,0,0
59,55680,50989,14991,33099,29667,31230,37768,0,0
60,56640,44187,22481,33586,29104,31163,37790,0,0
61,57600,36146,31017,33991,28656,31252,37615,0,0
62,58560,27590,39826,34277,28363,31487,37261,0,0
63,59520,19292,48115,34419,28252,31849,36758,0,0
64,60480,12001,55134,34403,28333,32305,36153,0,0
65,61440,6376,60251,34232,28598,32812,35500,0,0
66,62400,2924,63002,33920,29023,33326,34858,0,0
67,63360,1956,63141,33496,29571,33801,34285,0,0
68,64320,3561,60653,32998,30191,34192,33832,0,0
69,65280,7593,55765,32471,30828,34466,33541,0,0
70,66240,13688,48917,31963,31424,34597,33438,0,0
71,67200,21296,40727,31519,31926,34573,33532,0,0
72,68160,29730,31935,31179,32287,34397,33814,0,0
73,69120,38229,23334,30975,32476,34084,34260,0,0
74,70080,46026,15701,30924,32475,33663,34828,0,0
75,71040,52417,9725,31032,32285,33172,35468,0,0
76,72000,56825,5944,31288,31923,32655,36122,0,0
77,72960,58851,4702,31669,31420,32158,36731,0,0
78,73920,58314,6109,32141,30824,31727,37239,0,0
79,74880,55261,10039,32662,30187,31401,37602,0,0
80,75840,49969,16136,33184,29567,31208,37786,0,0
81,76800,42914,23852,33660,29020,31167,37774,0,0
82,77760,34735,32488,34047,28595,31281,37568,0,0
83,78720,26168,41265,34311,28332,31540,37186,0,0
84,79680,17988,49392,34427,28252,31920,36663,0,0
85,80640,10932,56134,34385,28365,32387,36046,0,0
86,81600,5639,60883,34189,28658,32899,35391,0,0
87,82560,2585,63210,33857,29107,33410,34756,0,0
88,83520,2046,62905,33417,29671,33873,34200,0,0
89,84480,4072,59996,32911,30298,34247,33772,0,0
90,85440,8478,54745,32384,30932,34498,33511,0,0
91,86400,14868,47626,31883,31516,34604,33440,0,0
92,87360,22664,39282,31454,31997,34554,33566,0,0
93,88320,31163,30467,31135,32331,34354,33878,0,0
94,89280,39598,21975,30956,32489,34020,34347,0,0
95,90240,47206,14573,30931,32457,33585,34931,0,0
96,91200,53302,8930,31065,32236,33086,35578,0,0
97,92160,57335,5555,31343,31848,32569,36228,0,0
98,93120,58941,4753,31742,31326,32081,36824,0,0
99,94080,57975,6596,32226,30719,31665,37311,0,0
100,95040,54524,10917,32750,30081,31359,37646,0,0
101,96000,48900,17327,33268,29469,31191,37797,0,0
102,96960,41610,25247,33732,28939,31175,37753,0,0
103,97920,33313,33962,34101,28539,31315,37516,0,0
104,98880,24757,42686,34341,28305,31595,37108,0,0
105,99840,16715,50630,34431,28258,31992,36565,0,0
106,100800,9913,57078,34363,28401,32470,35938,0,0
107,101760,4964,61447,34143,28723,32985,35282,0,0
108,102720,2316,63344,33790,29195,33491,34657,0,0
109,103680,2208,62597,33336,29772,33942,34118,0,0
110,104640,4649,59273,32824,30405,34298,33716,0,0
111,105600,9419,53672,32298,31034,34526,33485,0,0
112,106560,16087,46301,31806,31604,34606,33447,0,0
113,107520,24052,37824,31392,32064,34531,33606,0,0
114,108480,32594,29007,31095,32370,34307,33946,0,0
115,109440,40943,20646,30941,32497,33954,34438,0,0
116,110400,48344,13495,30943,32433,33505,35036,0,0
117,111360,54130,8199,31101,32182,33000,35688,0,0
118,112320,57778,5238,31402,31769,32484,36333,0,0
119,113280,58959,4878,31818,31229,32005,36914,0,0
120,114240,57566,7152,32312,30613,31605,37378,0,0
121,115200,53726,11854,32838,29975,31321,37684,0,0
122,116160,47784,18560,33350,29374,31177,37804,0,0
123,117120,40278,26665,33801,28863,31188,37726,0,0
124,118080,31884,35437,34150,28488,31352,37459,0,0
125,119040,23360,44084,34367,28284,31654,37025,0,0
126,120000,15477,51826,34431,28269,32068,36465,0,0
127,120960,8945,57963,34336,28443,32555,35829,0,0
128,121920,4354,61942,34092,28793,33071,35174,0,0
129,122880,2119,63404,33720,29285,33571,34560,0,0
130,123840,2441,62216,33254,29875,34009,34041,0,0
131,124800,5291,58486,32736,30511,34346,33665,0,0
132,125760,10413,52551,32212,31135,34550,33465,0,0
133,126720,17343,44945,31730,31690,34604,33460,0,0
134,127680,25456,36357,31334,32126,34503,33651,0,0
135,128640,34020,27561,31059,32405,34256,34019,0,0
136,129600,42261,19351,30930,32500,33885,34532,0,0
137,130560,49437,12468,30959,32403,33424,35143,0,0
138,131520,54898,7534,31142,32124,32913,35797,0,0
139,132480,58152,4994,31465,31686,32401,36436,0,0
140,133440,58905,5077,31896,31131,31932,37001,0,0
141,134400,57090,7776,32398,30507,31549,37441,0,0
142,135360,52869,12847,32926,29871,31286,37717,0,0
143,136320,46625,19832,33430,29281,31168,37804,0,0
144,137280,38920,28102,33867,28790,31205,37694,0,0
145,138240,30451,36908,34196,28442,31393,37397,0,0
146,139200,21982,45457,34388,28268,31716,36940,0,0
147,140160,14277,52977,34426,28285,32145,36363,0,0
148,141120,8031,58788,34306,28490,32640,35720,0,0
149,142080,3810,62367,34038,28866,33157,35067,0,0
150,143040,1993,63390,33648,29378,33650,34465,0,0
151,144000,2745,61764,33170,29980,34073,33967,0,0
152,144960,5997,57637,32647,30618,34390,33619,0,0
153,145920,11457,51382,32128,31234,34570,33451,0,0
154,146880,18632,43562,31657,31772,34598,33479,0,0
155,147840,26873,34884,31279,32185,34472,33700,0,0
156,148800,35437,26131,31027,32434,34202,34095,0,0
157,149760,43550,18093,30924,32497,33813,34628,0,0
158,150720,50481,11496,30979,32369,33341,35251,0,0
159,151680,55604,6935,31187,32061,32827,35906,0,0
160,152640,58455,4823,31530,31601,32318,36537,0,0
161,153600,58779,5349,31976,31030,31861,37084,0,0
162,154560,56545,8466,32486,30400,31496,37500,0,0
163,155520,51956,13893,33013,29768,31256,37746,0,0
164,156480,45425,21141,33509,29191,31164,37800,0,0
165,157440,37542,29553,33930,28721,31226,37657,0,0
166,158400,29019,38373,34239,28400,31439,37331,0,0
167,159360,20624,46802,34406,28257,31781,36851,0,0
168,160320,13117,54080,34417,28306,32224,36259,0,0
169,161280,7174,59551,34271,28542,32726,35610,0,0
170,162240,3333,62720,33981,28943,33242,34962,0,0
171,163200,1939,63302,33573,29473,33726,34373,0,0
172,164160,3118,61243,33085,30085,34135,33898,0,0
173,165120,6765,56730,32559,30723,34430,33577,0,0
174,166080,12550,50170,32044,31330,34586,33442,0,0
175,167040,19951,42155,31587,31851,34588,33503,0,0
176,168000,28299,33408,31227,32238,34436,33755,0,0
177,168960,36841,24721,30999,32457,34145,34176,0,0
178,169920,44806,16875,30922,32489,33739,34727,0,0
179,170880,51475,10581,31003,32330,33257,35359,0,0
180,171840,56246,6405,31236,31994,32741,36015,0,0
181,172800,58689,4726,31598,31512,32237,36635,0,0
182,173760,58582,5693,32058,30928,31793,37164,0,0
183,174720,55935,9221,32574,30293,31447,37553,0,0
184,175680,50988,14991,33099,29667,31230,37768,0,0
185,176640,44187,22481,33586,29104,31163,37790,0,0
186,177600,36145,31017,33991,28656,31252,37615,0,0
187,178560,27590,39826,34277,28363,31487,37261,0,0
188,179520,19292,48114,34419,28252,31849,36758,0,0
189,180480,12002,55133,34403,28333,32305,36153,0,0
190,181440,6376,60250,34232,28598,32812,35500,0,0
191,182400,2924,63001,33920,29023,33326,34858,0,0
192,183360,1957,63140,33496,29571,33801,34285,0,0
193,184320,3561,60653,32998,30191,34192,33832,0,0
194,185280,7593,55765,32471,30828,34466,33541,0,0
195,186240,13688,48917,31963,31424,34597,33438,0,0
196,187200,21296,40727,31519,31926,34573,33532,0,0
197,188160,29730,31935,31179,32287,34397,33814,0,0
198,189120,38229,23334,30975,32476,34084,34260,0,0
199,190080,46025,15701,30924,32475,33663,34828,0,0
200,191040,52416,9725,31032,32285,33172,35468,0,0
201,192000,56823,5945,31288,31923,32655,36122,0,0
202,192960,58850,4703,31669,31420,32158,36731,0,0
203,193920,58313,6110,32141,30824,31727,37239,0,0
204,194880,55261,10039,32662,30187,31401,37602,0,0
205,195840,49968,16137,33184,29567,31208,37785,0,0
206,196800,42914,23852,33660,29020,31167,37774,0,0
207,197760,34734,32488,34047,28595,31281,37568,0,0
208,198720,26168,41265,34311,28332,31540,37186,0,0
209,199680,17626,50377,33865,25909,32493,38998,65535,0
210,200640,9989,56267,31298,26808,35472,37637,65535,0
211,201600,5118,59842,35539,29846,31606,34247,65535,0
212,202560,3498,63334,40183,34250,27148,29461,65535,0
213,203520,2086,65535,43012,38621,24458,24805,65535,0
214,204480,0,64858,48367,44449,19330,18864,65535,0
215,205440,1073,62965,54114,51151,13627,12116,65535,0
216,206400,5725,56523,57958,57614,9575,5953,65535,0
217,207360,16231,43934,60175,62386,6765,1984,65535,0
218,208320,32549,27102,60409,65535,5550,0,65535,0
219,209280,48695,10867,57458,64292,7470,2484,65535,0
220,210240,61338,2634,51646,59501,12409,8021,65535,0
221,211200,65535,137,45356,52983,18327,14907,65535,0
222,212160,59405,0,39571,46345,24373,21740,65535,0
223,213120,53510,9187,33478,39499,30706,28093,65535,0
224,214080,47286,19588,27668,32987,36781,34014,65535,0
225,215040,39929,24634,21896,26855,42888,39941,65535,0
226,216000,38291,30177,16384,20901,48395,45649,65535,0
227,216960,36228,34312,12054,15643,52768,50745,65535,0
228,217920,29633,38347,10031,12064,55151,54124,65535,0
229,218880,22867,45645,10747,10996,54856,54679,65535,0
230,219840,15542,51993,14154,12871,51956,52280,65535,0
231,220800,8740,54512,19460,17113,47162,47732,65535,0
232,221760,6023,58581,25208,22189,41687,42212,65535,0
233,222720,6569,62608,30902,27643,36068,36306,65535,0
234,223680,3884,60834,36771,33651,30472,30263,65535,0
235,224640,4704,60149,42521,39943,24781,23846,65535,0
236,225600,7212,57643,48143,46600,19114,17191,65535,0
237,226560,10986,49393,52906,53057,14213,11167,65535,0
238,227520,22171,37833,55744,58164,10754,6778,65535,0
239,228480,37576,22565,55917,60582,9654,5427,65535,0
240,229440,51292,7980,53309,59475,11384,7651,65535,0
241,230400,61678,1611,48401,55021,15572,12702,65535,0
242,231360,64216,975,42686,48960,21026,18980,65535,0
243,232320,57572,2238,37232,42748,26777,25271,65535,0
244,233280,51853,11342,31586,36314,32662,31207,65535,0
245,234240,46111,20739,26008,30150,38481,36843,65535,0
246,235200,39695,25291,20345,24114,44424,42710,65535,0
247,236160,38105,30708,15122,18322,49644,48260,65535,0
248,237120,34984,35414,11256,13349,53626,53021,65535,0
249,238080,27408,40771,9744,10202,55567,55858,65535,0
250,239040,20093,48620,10956,9747,54819,55741,65535,0
251,240000,12763,54176,14809,12277,51481,52728,65535,0
252,240960,7246,55856,20275,16937,46453,47813,65535,0
253,241920,6869,58889,25934,22193,40924,42185,65535,0
254,242880,8427,59998,31629,27829,35242,36310,65535,0
255,243840,7319,56273,37437,33859,29611,30388,65535,0
256,244800,9725,54921,43167,40085,23844,24089,65535,0
257,245760,12168,51288,48693,46552,18276,17712,65535,0
258,246720,16098,43308,53219,52634,13598,12054,65535,0
259,247680,27168,32809,55692,57180,10504,8162,65535,0
260,248640,40654,19111,55460,58936,9917,7377,65535,0
261,249600,52421,7376,52445,57202,12164,10032,65535,0
262,250560,60694,3628,47342,52439,16671,15206,65535,0
263,251520,61106,3753,41681,46463,22199,21339,65535,0
264,252480,54052,5898,36205,40355,27998,27458,65535,0
265,253440,49276,15446,30513,34040,33871,33239,65535,0
266,254400,43558,23113,24908,27986,39714,38891,65535,0
267,255360,38345,27115,19244,21985,45586,44763,65535,0
268,256320,37241,32429,14173,16276,50628,50235,65535,0
269,257280,33110,37084,10658,11550,54326,54746,65535,0
270,258240,25180,43226,9635,8881,55807,57033,65535,0
271,259200,17931,51020,11362,9066,54551,56263,65535,0
272,260160,10992,55080,15635,12245,50779,52693,65535,0
273,261120,7117,55562,21267,17292,45487,47470,65535,0
274,262080,9037,57663,26916,22714,39829,41740,65535,0
275,263040,11076,56159,32686,28522,34045,35883,65535,0
276,264000,11179,51384,38488,34556,28347,30036,65535,0
277,264960,14488,49835,44261,40750,22483,23784,65535,0
278,265920,16442,45576,49706,47052,17024,17623,65535,0
279,266880,20580,38175,53961,52775,12599,12291,65535,0
280,267840,31344,28724,55997,56754,9952,8904,65535,0
281,268800,42928,16576,55303,57825,9933,8707,65535,0
282,269760,52882,7757,51800,55417,12768,11838,65535,0
283,270720,59069,6428,46404,50279,17689,17218,65535,0
284,271680,57296,7050,40717,44315,23375,23302,65535,0
285,272640,50181,10230,35126,38219,29290,29331,65535,0
286,273600,46202,20004,29337,31961,35210,35037,65535,0
287,274560,40573,25954,23639,25954,41140,40769,65535,0
288,275520,36723,29529,17961,19972,46942,46652,65535,0
289,276480,35981,34564,13057,14367,51799,52039,65535,0
290,277440,30946,39072,9925,9941,55175,56253,65535,0
291,278400,23164,45575,9413,7806,56148,57964,65535,0
292,279360,16240,52650,11717,8698,54305,56520,65535,0
293,280320,10014,54842,16450,12534,50038,52415,65535,0
294,281280,8002,54346,22247,17911,44472,46924,65535,0
295,282240,11848,55500,27956,23498,38639,41095,65535,0
296,283200,13916,51645,33856,29466,32726,35248,65535,0
297,284160,15173,46660,39694,35500,26923,29416,65535,0
298,285120,18791,45122,45531,41680,20977,23179,65535,0
299,286080,20036,40607,50887,47829,15648,17194,65535,0
300,287040,24426,33995,54845,53202,11500,12163,65535,0
301,288000,34606,25445,56406,56598,9354,9308,65535,0
302,288960,44398,14904,55194,56966,9952,9714,65535,0
303,289920,52763,9017,51179,53874,13385,13331,65535,0
304,290880,56937,9658,45481,48378,18723,18932,65535,0
305,291840,53062,10545,39729,42398,24601,25012,65535,0
306,292800,46391,14942,33970,36258,30653,30997,65535,0
307,293760,43051,24507,28078,30044,36635,36672,65535,0
308,294720,37594,28797,22255,24044,42677,42521,65535,0
309,295680,35136,32134,16584,18083,48390,48400,65535,0
310,296640,34423,36793,11882,12613,53046,53676,65535,0
311,297600,28638,41085,9179,8542,56047,57541,65535,0
312,298560,21368,47728,9184,6983,56480,58649,65535,0
313,299520,14938,53498,12101,8619,54007,56538,65535,0
314,300480,9732,53665,17301,13091,49220,51929,65535,0
315,301440,9698,52649,23235,18718,43400,46221,65535,0
316,302400,14987,52668,29048,24467,37378,40310,65535,0
317,303360,16944,46837,35089,30566,31334,34475,65535,0
318,304320,19266,42293,40995,36604,25399,28606,65535,0
319,305280,22537,40827,46893,42770,19415,22378,65535,0
320,306240,23014,36310,52138,48767,14240,16550,65535,0
321,307200,27671,30652,55763,53778,10403,11820,65535,0
322,308160,36966,22863,56836,56586,8789,9513,65535,0
323,309120,45297,14026,55040,56219,10048,10548,65535,0
324,310080,52324,10923,50503,52456,14074,14646,65535,0
325,311040,54439,12970,44550,46663,19787,20448,65535,0
326,312000,48788,13973,38703,40651,25865,26553,65535,0
327,312960,42956,19771,32747,34432,32060,32514,65535,0
328,313920,39961,28653,26763,28262,38111,38196,65535,0
329,314880,34782,31558,20811,22241,44264,44169,65535,0
330,315840,33634,34829,15173,16310,49865,50021,65535,0
331,316800,32655,38931,10715,11014,54296,55160,65535,0
332,317760,26390,43066,8481,7355,56867,58614,65535,0
333,318720,19911,49468,9021,6415,56728,59103,65535,0
334,319680,14109,53456,12552,8806,53614,56349,65535,0
335,320640,10187,51807,18195,13854,48315,51283,65535,0
336,321600,12255,50586,24237,19662,42263,45404,65535,0
337,322560,18269,49273,30190,25571,36059,39428,65535,0
338,323520,20013,41988,36361,31763,29900,33606,65535,0
339,324480,23154,38400,42368,37811,23817,27655,65535,0
340,325440,25558,36970,48304,43954,17849,21448,65535,0
341,326400,25464,32697,53400,49789,12854,15768,65535,0
342,327360,30529,27875,56653,54421,9358,11366,65535,0
343,328320,38767,20771,57233,56635,8291,9618,65535,0
344,329280,45899,13787,54804,55506,10243,11298,65535,0
345,330240,51656,13281,49743,51098,14861,15867,65535,0
346,331200,51764,16109,43597,45087,20884,21835,65535,0
347,332160,44725,17417,37634,39020,27159,27974,65535,0
348,333120,39910,24679,31476,32713,33491,33917,65535,0
349,334080,36756,32406,25409,26580,39634,39645,65535,0
350,335040,32136,34257,19341,20529,45866,45727,65535,0
351,336000,32201,37443,13764,14647,51333,51537,65535,0
352,336960,30871,40849,9593,9562,55506,56509,65535,0
353,337920,24550,44853,7845,6367,57602,59496,65535,0
354,338880,18922,50695,8965,6090,56843,59346,65535,0
355,339840,13727,52625,13098,9231,53102,55974,65535,0
356,340800,11289,49490,19121,14763,47340,50521,65535,0
357,341760,15445,48316,25259,20703,41068,44503,65535,0
358,342720,21457,45376,31386,26775,34693,38480,65535,0
359,343680,22979,37431,37662,33010,28445,32662,65535,0
360,344640,26654,35036,43793,39082,22208,26600,65535,0
361,345600,27933,33517,49733,45193,16303,20431,65535,0
362,346560,27667,29605,54638,50849,11507,14908,65535,0
363,347520,33136,25570,57471,55076,8397,10863,65535,0
364,348480,40196,19055,57548,56678,7895,9702,65535,0
365,349440,46285,14168,54473,54779,10545,12017,65535,0
366,350400,50705,15981,48903,49768,15743,17033,65535,0
367,351360,48805,19031,42619,43609,22022,23137,65535,0
368,352320,40870,20938,36522,37469,28482,29307,65535,0
369,353280,37001,29495,30179,31082,34939,35234,65535,0
370,354240,33471,35754,24019,24971,41196,41050,65535,0
371,355200,29837,36875,17862,18896,47455,47211,65535,0
372,356160,30984,39864,12379,13082,52765,52965,65535,0
373,357120,29093,42576,8534,8253,56651,57727,65535,0
374,358080,23159,46416,7272,5550,58248,60219,65535,0
375,359040,18215,51360,9032,5993,56820,59396,65535,0
376,360000,13641,51130,13758,9860,52460,55439,65535,0
377,360960,12900,47052,20072,15764,46310,49673,65535,0
378,361920,18913,45950,26307,21811,39830,43540,65535,0
379,362880,24345,41196,32635,28046,33294,37485,65535,0
380,363840,25897,33326,38988,34286,26967,31656,65535,0
381,364800,29812,32054,45247,40394,20591,25473,65535,0
382,365760,29874,30338,51158,46464,14788,19361,65535,0
383,366720,29714,27065,55830,51918,10214,13998,65535,0
384,367680,35385,23563,58211,55707,7536,10365,65535,0
385,368640,41197,17847,57750,56663,7637,9807,65535,0
386,369600,46379,15218,54038,54001,10966,12738,65535,0
387,370560,49349,18913,48007,48456,16703,18163,65535,0
388,371520,45409,21819,41617,42200,23210,24378,65535,0
389,372480,37261,24675,35363,35964,29838,30575,65535,0
390,373440,34268,34095,28868,29527,36390,36491,65535,0
391,374400,30372,38615,22590,23419,42784,42432,65535,0
392,375360,28043,39323,16381,17331,49016,48638,65535,0
393,376320,29857,42058,11035,11609,54152,54316,65535,0
394,377280,27296,44098,7560,7074,57715,58826,65535,0
395,378240,21988,47835,6787,4897,58794,60785,65535,0
396,379200,17645,51493,9224,6097,56666,59280,65535,0
397,380160,13829,49138,14530,10657,51691,54768,65535,0
398,381120,14883,44684,21049,16825,45232,48759,65535,0
399,382080,22414,43369,27387,22974,38559,42537,65535,0
400,383040,26963,36760,33920,29358,31875,36466,65535,0
401,384000,28952,29674,40339,35587,25457,30591,65535,0
402,384960,32639,29306,46713,41733,18981,24301,65535,0
403,385920,31472,27467,52567,47747,13309,18256,65535,0
404,386880,31572,24987,56965,52973,8988,13068,65535,0
405,387840,37043,21944,58887,56291,6772,9884,65535,0
406,388800,41793,17141,57821,56560,7531,9965,65535,0
407,389760,46232,16834,53484,53149,11518,13494,65535,0
408,390720,47632,21914,47075,47164,17722,19269,65535,0
409,391680,41754,24420,40591,40845,24438,25577,65535,0
410,392640,34033,28663,34148,34484,31225,31800,65535,0
411,393600,31718,38313,27543,28038,37844,37708,65535,0
412,394560,27549,41079,21131,21909,44386,43802,65535,0
413,395520,26661,41661,14908,15819,50545,50018,65535,0
414,396480,28694,44033,9741,10217,55491,55599,65535,0
415,397440,25485,45506,6681,6020,58687,59804,65535,0
416,398400,21040,49033,6414,4411,59218,61196,65535,0
417,399360,17259,51033,9531,6384,56388,59019,65535,0
418,400320,14393,46762,15390,11584,50813,53992,65535,0
419,401280,17344,42397,22050,17930,44101,47793,65535,0
420,402240,25832,40546,28507,24181,37254,41506,65535,0
421,403200,29470,32276,35225,30690,30443,35430,65535,0
422,404160,32056,26495,41723,36907,23912,29470,65535,0
423,405120,34972,26750,48187,43085,17394,23102,65535,0
424,406080,32683,24954,53951,49026,11879,17128,65535,0
425,407040,33317,23272,58032,53993,7836,12148,65535,0
426,408000,38243,20596,59494,56821,6104,9440,65535,0
427,408960,42186,16925,57761,56352,7567,10195,65535,0
428,409920,45965,18907,52805,52210,12201,14305,65535,0
429,410880,45630,24734,46114,45901,18785,20357,65535,0
430,411840,38060,26921,39538,39523,25693,26750,65535,0
431,412800,31258,32820,32883,33026,32633,32989,65535,0
432,413760,29167,42034,26204,26598,39312,38911,65535,0
433,414720,24949,43264,19656,20430,45990,45159,65535,0
434,415680,25524,43953,13452,14351,52042,51356,65535,0
435,416640,27505,45661,8507,8902,56774,56831,65535,0
436,417600,23914,46779,5886,5088,59562,60667,65535,0
437,418560,20409,49871,6177,4098,59488,61455,65535,0
438,419520,17113,49965,9962,6842,55974,58627,65535,0
439,420480,15374,44173,16307,12602,49855,53138,65535,0
440,421440,20318,40214,23067,19060,42924,46794,65535,0
441,422400,29022,37389,29674,25433,35917,40454,65535,0
442,423360,31776,27995,36540,32020,29014,34382,65535,0
443,424320,34966,23900,43143,38239,22344,28294,65535,0
444,425280,36692,24435,49663,44438,15843,21883,65535,0
445,426240,33706,22772,55295,50287,10498,15994,65535,0
446,427200,35021,21874,59015,54963,6768,11254,65535,0
447,428160,39197,19418,60005,57272,5545,9064,65535,0
448,429120,42482,17197,57574,56033,7732,10503,65535,0
449,430080,45635,21254,52006,51197,13005,15172,65535,0
450,431040,43429,27167,45129,44668,19884,21443,65535,0
451,432000,34478,29415,38457,38223,26970,27900,65535,0
452,432960,28836,37133,31587,31589,34051,34145,65535,0
453,433920,26462,45232,24848,25191,40805,40119,65535,0
454,434880,22659,45264,18176,18978,47581,46503,65535,0
455,435840,24681,46072,12021,12927,53497,52663,65535,0
456,436800,26334,46995,7339,7662,57990,58006,65535,0
457,437760,22798,47813,5158,4269,60344,61433,65535,0
458,438720,20062,50298,6082,3956,59602,61569,65535,0
459,439680,17019,48414,10530,7463,55423,58105,65535,0
460,440640,16690,41620,17260,13671,48840,52229,65535,0
461,441600,23527,38297,24103,20199,41713,45767,65535,0
462,442560,31749,33929,30897,26724,34552,39384,65535,0
463,443520,33907,24123,37863,33335,27588,33319,65535,0
464,444480,37626,21768,44591,39581,20763,27074,65535,0
465,445440,37924,22259,51129,45789,14330,20655,65535,0
466,446400,34695,20919,56590,51524,9167,14860,65535,0
467,447360,36679,20686,59910,55872,5791,10409,65535,0
468,448320,39896,18505,60396,57615,5120,8780,65535,0
469,449280,42650,18004,57265,55593,8025,10895,65535,0
470,450240,45011,23787,51124,50125,13907,16085,65535,0
471,451200,40814,29338,44124,43454,21028,22529,65535,0
472,452160,31101,32128,37335,36926,28275,29032,65535,0
473,453120,26621,41433,30275,30177,35472,35277,65535,0
474,454080,23734,47871,23462,23807,42330,41346,65535,0
475,455040,20864,47153,16690,17548,49147,47832,65535,0
476,456000,24127,47961,10619,11543,54906,53944,65535,0
477,456960,25129,48075,6244,6500,59137,59120,65535,0
478,457920,22002,48709,4507,3556,61031,62098,65535,0
479,458880,19837,50312,6123,3976,59576,61548,65535,0
480,459840,16967,46460,11231,8231,54738,57461,65535,0
481,460800,18361,39280,18235,14763,47782,51280,65535,0
482,461760,26818,36399,25163,21358,40476,44716,65535,0
483,462720,34110,30131,32168,28044,33163,38310,65535,0
484,463680,36175,20683,39196,34643,26143,32230,65535,0
485,464640,40076,19893,46058,40932,19175,25824,65535,0
486,465600,38863,20139,52583,47139,12847,19426,65535,0
487,466560,35692,19465,57833,52731,7888,13728,65535,0
488,467520,38043,19648,60734,56712,4900,9623,65535,0
489,468480,40281,17927,60651,57832,4847,8599,65535,0
490,469440,42816,19264,56825,55033,8447,11377,65535,0
491,470400,44023,26402,50193,49012,14880,17035,65535,0
492,471360,37811,31359,43104,42256,22210,23610,65535,0
493,472320,28064,35137,36162,35614,29609,30157,65535,0
494,473280,24591,45491,28956,28797,36888,36393,65535,0
495,474240,21131,50010,22041,22432,43882,42599,65535,0
496,475200,19597,48954,15203,16138,50682,49148,65535,0
497,476160,23629,49629,9252,10200,56277,55201,65535,0
498,477120,23851,48960,5229,5413,60211,60171,65535,0
499,478080,21377,49552,3955,2959,61610,62649,65535,0
500,479040,19638,49889,6290,4151,59424,61400,65535,0
501,480000,17098,44273,12045,9114,53932,56716,65535,0
502,480960,20365,37242,19232,15871,46683,50294,65535,0
503,481920,30102,34290,26251,22541,39209,43657,65535,0
504,482880,36248,26081,33469,29380,31757,37238,65535,0
505,483840,38662,17736,40548,35950,24666,31106,65535,0
506,484800,42219,18132,47538,42291,17593,24559,65535,0
507,485760,39523,18171,54022,48479,11396,18195,65535,0
508,486720,36680,18307,59020,53901,6664,12612,65535,0
509,487680,38957,18832,61503,57479,4090,8895,65535,0
510,488640,40439,17721,60769,57918,4721,8526,65535,0
511,489600,42948,20977,56249,54342,9004,11960,65535,0
512,490560,42619,28941,49233,47882,15907,18007,65535,0
513,491520,34587,33153,42062,41070,23427,24696,65535,0
514,492480,25416,38510,34933,34280,30975,31277,65535,0
515,493440,22610,49212,27629,27447,38310,37504,65535,0
516,494400,18718,51806,20587,21060,45454,43876,65535,0
517,495360,18739,50713,13719,14743,52191,50451,65535,0
518,496320,23072,51045,7927,8895,57610,56437,65535,0
519,497280,22560,49754,4290,4402,61209,61151,65535,0
520,498240,20945,50195,3523,2497,62060,63076,65535,0
521,499200,19342,49054,6586,4473,59151,61130,65535,0
522,500160,17504,41887,12937,10088,53032,55892,65535,0
523,501120,22800,35315,20247,16995,45541,49282,65535,0
524,502080,33207,31901,27383,23754,37912,42588,65535,0
525,503040,38255,22018,34787,30718,30343,36165,65535,0
526,504000,41255,15253,41934,37262,23150,29942,65535,0
527,504960,43921,16391,49031,43656,16027,23285,65535,0
528,505920,39916,16439,55440,49807,9980,16959,65535,0
529,506880,37696,17444,60144,55020,5500,11525,65535,0
530,507840,39556,18147,62200,58168,3370,8237,65535,0
531,508800,40515,17905,60756,57869,4729,8563,65535,0
532,509760,43005,22961,55542,53531,9694,12646,65535,0
533,510720,40847,31244,48252,46750,16977,19000,65535,0
534,511680,31284,35094,40997,39873,24671,25782,65535,0
535,512640,23157,42205,33653,32932,32367,32388,65535,0
536,513600,20540,52430,26286,26118,39753,38631,65535,0
537,514560,16514,53365,19107,19688,47038,45171,65535,0
538,515520,18122,52516,12242,13357,53677,51742,65535,0
539,516480,22428,52155,6650,7627,58903,57657,65535,0
540,517440,21511,50436,3412,3472,62134,62057,65535,0
541,518400,20771,50552,3226,2180,62362,63376,65535,0
542,519360,19079,47741,7017,4945,58744,60743,65535,0
543,520320,18331,39475,13878,11125,52059,55005,65535,0
544,521280,25655,33572,21279,18125,44355,48250,65535,0
545,522240,36133,29018,28565,25011,36575,41511,65535,0
546,523200,40197,18060,36114,32046,28924,35094,65535,0
547,524160,43754,13279,43360,38581,21600,28733,65535,0
548,525120,45073,14762,50533,45021,14483,22003,65535,0
549,526080,40209,14939,56833,51116,8596,15725,65535,0
550,527040,38765,16753,61198,56090,4401,10477,65535,0
551,528000,39961,17526,62799,58762,2758,7673,65535,0
552,528960,40744,18444,60611,57684,4857,8713,65535,0
553,529920,42929,25233,54722,52620,10503,13413,65535,0
554,530880,38789,33252,47246,45613,18087,20019,65535,0
555,531840,28092,37130,39895,38665,25945,26872,65535,0
556,532800,21125,46154,32339,31576,33778,33488,65535,0
557,533760,18202,55242,24922,24796,41232,39781,65535,0
558,534720,14566,54863,17608,18312,48626,46473,65535,0
559,535680,17729,54201,10776,11984,55139,53027,65535,0
560,536640,21747,52977,5422,6404,60149,58854,65535,0
561,537600,20853,50978,2587,2622,62984,62890,65535,0
562,538560,20784,50567,3067,2007,62517,63553,65535,0
563,539520,18873,46085,7588,5565,58196,60229,65535,0
564,540480,19676,37058,14847,12202,51027,54079,65535,0
565,541440,28786,31861,22334,19269,43132,47201,65535,0
566,542400,38702,25735,29806,26306,35203,40424,65535,0
567,543360,42076,14483,37455,33358,27494,34012,65535,0
568,544320,46054,11624,44825,39914,20024,27486,65535,0
569,545280,45791,13165,52041,46386,12960,20719,65535,0
570,546240,40557,13686,58192,52404,7242,14494,65535,0
571,547200,39830,16198,62186,57103,3368,9477,65535,0
572,548160,40191,17089,63278,59234,2274,7220,65535,0
573,549120,41052,19401,60333,57362,5111,8973,65535,0
574,550080,42598,27512,53821,51633,11407,14258,65535,0
575,551040,36329,35039,46219,44471,19244,21060,65535,0
576,552000,25013,39504,38748,37432,27256,27963,65535,0
577,552960,19140,50219,31007,30219,35206,34580,65535,0
578,553920,15740,57580,23522,23474,42754,40965,65535,0
579,554880,13042,56348,16092,16932,50207,47782,65535,0
580,555840,17585,55666,9322,10627,56573,54313,65535,0
581,556800,21015,53558,4251,5232,61341,60015,65535,0
582,557760,20507,51391,1832,1858,63746,63645,65535,0
583,558720,20730,50249,3043,1980,62543,63604,65535,0
584,559680,18754,44041,8294,6324,57511,59601,65535,0
585,560640,21411,34894,15842,13296,49946,53115,65535,0
586,561600,31943,30155,23418,20431,41877,46133,65535,0
587,562560,40896,22153,31101,27626,33799,39333,65535,0
588,563520,44070,11269,38815,34665,26040,32908,65535,0
589,564480,48160,10186,46323,41260,18428,26209,65535,0
590,565440,46249,11580,53547,47753,11455,19432,65535,0
591,566400,40991,12768,59511,53667,5922,13264,65535,0
592,567360,40678,15728,63120,58052,2400,8537,65535,0
593,568320,40183,16919,63622,59572,1938,6885,65535,0
594,569280,41316,20739,59917,56899,5504,9349,65535,0
595,570240,41757,29996,52871,50581,12389,15155,65535,0
596,571200,33449,36818,45170,43321,20447,22109,65535,0
597,572160,22170,42255,37545,36162,28608,29064,65535,0
598,573120,17255,54081,29658,28877,36643,35672,65535,0
599,574080,13328,59472,22078,22146,44316,42190,65535,0
600,575040,12021,57797,14559,15550,51772,49094,65535,0
601,576000,17570,56891,7888,9288,57981,55598,65535,0
602,576960,20241,53944,3145,4113,62473,61137,65535,0
603,577920,20347,51763,1175,1194,64399,64299,65535,0
604,578880,20502,49633,3157,2100,62445,63527,65535,0
605,579840,18686,41938,9119,7189,56706,58868,65535,0
606,580800,23515,32891,16862,14412,48818,52117,65535,0
607,581760,35123,28092,24539,21625,40585,45060,65535,0
608,582720,42891,18317,32435,28966,32371,38241,65535,0
609,583680,46296,8577,40201,35967,24546,31769,65535,0
610,584640,50004,8815,47847,42620,16821,24913,65535,0
611,585600,46482,10037,55048,49119,9968,18142,65535,0
612,586560,41450,12158,60785,54899,4644,12043,65535,0
613,587520,41136,15430,64004,58929,1505,7658,65535,0
614,588480,40083,17073,63823,59774,1746,6667,65535,0
615,589440,41503,22512,59354,56286,6044,9847,65535,0
616,590400,40514,32257,51884,49499,13433,16099,65535,0
617,591360,30360,38523,44094,42160,21689,23176,65535,0
618,592320,19611,45539,36283,34851,30001,30167,65535,0
619,593280,15404,57644,28292,27550,38094,36771,65535,0
620,594240,11134,60985,20590,20807,45908,43453,65535,0
621,595200,11443,59199,13016,14168,53320,50411,65535,0
622,596160,17475,57900,6483,7969,59365,56879,65535,0
623,597120,19438,54221,2099,3047,63548,62211,65535,0
624,598080,20348,51966,642,658,64922,64835,65535,0
625,599040,20225,48615,3410,2367,62214,63328,65535,0
626,600000,19014,39566,10027,8151,55795,58055,65535,0
627,600960,25987,31172,17910,15540,47640,51085,65535,0
628,601920,38157,25736,25711,22852,39252,43973,65535,0
629,602880,44826,14334,33792,30314,30922,37152,65535,0
630,603840,48666,6272,41623,37279,23007,30592,65535,0
631,604800,51435,7508,49395,43991,15216,23601,65535,0
632,605760,46468,8748,56542,50477,8504,16842,65535,0
633,606720,41939,11808,62006,56089,3417,10846,65535,0
634,607680,41267,15237,64819,59728,698,6851,65535,0
635,608640,40121,17454,63884,59836,1684,6574,65535,0
636,609600,41720,24474,58648,55540,6724,10468,65535,0
637,610560,38780,34506,50869,48389,14534,17073,65535,0
638,611520,27209,40245,42984,40981,22968,24260,65535,0
639,612480,17355,49112,34964,33515,31431,31275,65535,0
640,613440,13449,60785,26905,26233,39574,37892,65535,0
641,614400,9108,62303,19065,19453,47527,44747,65535,0
642,615360,11156,60582,11471,12785,54853,51730,65535,0
643,616320,17308,58612,5114,6675,60719,58157,65535,0
644,617280,18844,54409,1103,2044,64561,63229,65535,0
645,618240,20524,51921,246,260,65300,65247,65535,0
646,619200,19972,47233,3809,2784,61838,63002,65535,0
647,620160,19713,37255,10995,9180,54804,57170,65535,0
648,621120,28846,29445,18984,16686,46414,50036,65535,0
649,622080,40969,23005,26942,24121,37875,42872,65535,0
650,623040,46696,10472,35170,31657,29457,36059,65535,0
651,624000,50988,4463,43092,38600,21426,29369,65535,0
652,624960,52369,6217,50964,45371,13620,22279,65535,0
653,625920,46293,7687,58021,51827,7063,15534,65535,0
654,626880,42476,11655,63168,57232,2244,9682,65535,0
655,627840,41203,15126,65535,60429,0,6138,65535,0
656,628800,40271,18244,63804,59748,1754,6607,65535,0
657,629760,41771,26642,57821,54680,7532,11191,65535,0
658,630720,36628,36427,49825,47262,15688,18088,65535,0
659,631680,24038,42242,41834,39772,24288,25354,65535,0
660,632640,15313,53002,33603,32157,32889,32381,65535,0
661,633600,11297,63503,25488,24916,41093,39043,65535,0
662,634560,7378,63519,17507,18084,49160,46065,65535,0
663,635520,11115,61875,9926,11402,56372,53055,65535,0
664,636480,17088,58994,3787,5409,62034,59429,65535,0
665,637440,18590,54464,157,1112,65504,64182,65535,0
666,638400,20647,51664,0,0,65535,65535,65535,65535
667,639360,19741,45429,4361,3359,61310,62545,65535,65535
668,640320,20871,34948,12004,10257,53744,56235,65535,65535
669,641280,26173,34060,20185,17684,45241,48813,65535,65535
670,642240,30447,34060,28434,25156,36641,41488,65535,65535
671,643200,30447,34060,32677,30376,32885,35621,65535,65535
672,644160,30447,34060,32677,30376,32885,35621,65535,65535
673,645120,30447,34060,32677,30376,32885,35621,65535,65535
674,646080,30446,34060,32677,30376,32885,35621,65535,65535
675,647040,30446,34060,32677,30376,32885,35621,65535,65535
676,648000,30446,34060,32677,30376,32885,35621,65535,65535
677,648960,30446,34060,32677,30376,32885,35621,65535,65535
678,649920,30446,34060,32677,30376,32885,35621,65535,65535
679,650880,30446,34060,32677,30376,32885,35621,65535,65535
680,651840,30446,34060,32677,30376,32885,35621,65535,65535
681,652800,30446,34060,32677,30376,32885,35621,65535,65535
682,653760,30447,34060,32677,30376,32885,35621,65535,65535
683,654720,30447,34060,32677,30376,32885,35621,65535,65535
684,655680,30447,34060,32677,30376,32885,35621,65535,65535
685,656640,30447,34061,32677,30376,32885,35621,65535,65535
686,657600,30447,34061,32677,30376,32885,35621,65535,65535
687,658560,30447,34061,32677,30376,32885,35621,65535,65535
688,659520,30447,34061,32677,30376,32885,35621,65535,65535
689,660480,30447,34061,32677,30376,32885,35621,65535,65535
690,661440,30447,34061,32677,30376,32885,35621,65535,65535
691,662400,30447,34061,32677,30376,32885,35621,65535,65535
692,663360,30447,34060,32677,30376,32885,35621,65535,65535
693,664320,30447,34060,32677,30376,32885,35621,65535,65535
694,665280,30447,34060,32677,30376,32885,35621,65535,65535
695,666240,30446,34060,32677,30376,32885,35621,65535,65535
696,667200,30446,34060,32677,30376,32885,35621,65535,65535
697,668160,30446,34060,32677,30376,32885,35621,65535,65535
698,669120,30446,34060,32677,30376,32885,35621,65535,65535
699,670080,30446,34060,32677,30376,32885,35621,65535,65535
700,671040,30446,34060,32677,30376,32885,35621,65535,65535
701,672000,30446,34060,32677,30376,32885,35621,65535,65535
702,672960,30446,34060,32677,30376,32885,35621,65535,65535
703,673920,30447,34060,32677,30376,32885,35621,65535,65535
704,674880,30447,34060,32677,30376,32885,35621,65535,65535
705,675840,30447,34060,32677,30376,32885,35621,65535,65535
706,676800,30447,34061,32677,30376,32885,35621,65535,65535
707,677760,30447,34061,32677,30376,32885,35621,65535,65535
708,678720,30447,34061,32677,30376,32885,35621,65535,65535
709,679680,30447,34061,32677,30376,32885,35621,65535,65535
710,680640,30447,34061,32677,30376,32885,35621,65535,65535
711,681600,30447,34061,32677,30376,32885,35621,65535,65535
712,682560,30447,34060,32677,30376,32885,35621,65535,65535
713,683520,30447,34060,32677,30376,32885,35621,65535,65535
714,684480,30447,34060,32677,30376,32885,35621,65535,65535
715,685440,30447,34060,32677,30376,32885,35621,65535,65535
716,686400,30446,34060,32677,30376,32885,35621,65535,65535
717,687360,30446,34060,32677,30376,32885,35621,65535,65535
718,688320,30446,34060,32677,30376,32885,35621,65535,65535
719,689280,30446,34060,32677,30376,32885,35621,65535,65535
720,690240,30446,34060,32677,30376,32885,35621,65535,65535
721,691200,30446,34060,32677,30376,32885,35621,65535,65535
722,692160,30446,34060,32677,30376,32885,35621,65535,65535
723,693120,30446,34060,32677,30376,32885,35621,65535,65535
724,694080,30447,34060,32677,30376,32885,35621,65535,65535
725,695040,30447,34060,32677,30376,32885,35621,65535,65535
726,696000,30447,34060,32677,30376,32885,35621,65535,65535
727,696960,30447,34061,32677,30376,32885,35621,65535,65535
728,697920,30447,34061,32677,30376,32885,35621,65535,65535
729,698880,30447,34061,32677,30376,32885,35621,65535,65535
730,699840,30447,34061,32677,30376,32885,35621,65535,65535
731,700800,30447,34061,32677,30376,32885,35621,65535,65535
732,701760,30447,34061,32677,30376,32885,35621,65535,65535
733,702720,30447,34060,32677,30376,32885,35621,65535,65535
734,703680,30447,34060,32677,30376,32885,35621,65535,65535
735,704640,30447,34060,32677,30376,32885,35621,65535,65535
736,705600,30447,34060,32677,30376,32885,35621,65535,65535
737,706560,30446,34060,32677,30376,32885,35621,65535,65535
738,707520,30446,34060,32677,30376,32885,35621,65535,65535
739,708480,30446,34060,32677,30376,32885,35621,65535,65535
740,709440,30446,34060,32677,30376,32885,35621,65535,65535
741,710400,30446,34060,32677,30376,32885,35621,65535,65535
742,711360,30446,34060,32677,30376,32885,35621,65535,65535
743,712320,30446,34060,32677,30376,32885,35621,65535,65535
744,713280,30446,34060,32677,30376,32885,35621,65535,65535
745,714240,30447,34060,32677,30376,32885,35621,65535,65535
746,715200,30447,34060,32677,30376,32885,35621,65535,65535
747,716160,30447,34060,32677,30376,32885,35621,65535,65535
748,717120,30447,34061,32677,30376,32885,35621,65535,65535
749,718080,30447,34061,32677,30376,32885,35621,65535,65535
750,719040,30447,34061,32677,30376,32885,35621,65535,65535
751,720000,30447,34061,32677,30376,32885,35621,65535,65535
752,720960,30447,34061,32677,30376,32885,35621,65535,65535
753,721920,30447,34061,32677,30376,32885,35621,65535,65535
754,722880,30447,34060,32677,30376,32885,35621,65535,65535
755,723840,30447,34060,32677,30376,32885,35621,65535,65535
756,724800,30447,34060,32677,30376,32885,35621,65535,65535
757,725760,30446,34060,32677,30376,32885,35621,65535,65535
758,726720,30446,34060,32677,30376,32885,35621,65535,65535
759,727680,30446,34060,32677,30376,32885,35621,65535,65535
760,728640,30446,34060,32677,30376,32885,35621,65535,65535
761,729600,30446,34060,32677,30376,32885,35621,65535,65535
762,730560,30446,34060,32677,30376,32885,35621,65535,65535
763,731520,30446,34060,32677,30376,32885,35621,65535,65535
764,732480,30446,34060,32677,30376,32885,35621,65535,65535
765,733440,30447,34060,32677,30376,32885,35621,65535,65535
766,734400,30447,34060,32677,30376,32885,35621,65535,65535
767,735360,30447,34060,32677,30376,32885,35621,65535,65535
768,736320,30447,34061,32677,30376,32885,35621,65535,65535
769,737280,30447,34061,32677,30376,32885,35621,65535,65535
770,738240,30447,34061,32677,30376,32885,35621,65535,65535
771,739200,30447,34061,32677,30376,32885,35621,65535,65535
772,740160,30447,34061,32677,30376,32885,35621,65535,65535
773,741120,30447,34061,32677,30376,32885,35621,65535,65535
774,742080,30447,34061,32677,30376,32885,35621,65535,65535
775,743040,30447,34060,32677,30376,32885,35621,65535,65535
776,744000,30447,34060,32677,30376,32885,35621,65535,65535
777,744960,30447,34060,32677,30376,32885,35621,65535,65535
778,745920,30446,34060,32677,30376,32885,35621,65535,65535
779,746880,30446,34060,32677,30376,32885,35621,65535,65535
780,747840,30446,34060,32677,30376,32885,35621,65535,65535
781,748800,30446,34060,32677,30376,32885,35621,65535,65535
782,749760,30446,34060,32677,30376,32885,35621,65535,65535
783,750720,30446,34060,32677,30376,32885,35621,65535,65535
784,751680,30446,34060,32677,30376,32885,35621,65535,65535
785,752640,30446,34060,32677,30376,32885,35621,65535,65535
786,753600,30447,34060,32677,30376,32885,35621,65535,65535
787,754560,30447,34060,32677,30376,32885,35621,65535,65535
788,755520,30447,34060,32677,30376,32885,35621,65535,65535
789,756480,30447,34061,32677,30376,32885,35621,65535,65535
790,757440,30447,34061,32677,30376,32885,35621,65535,65535
791,758400,30447,34061,32677,30376,32885,35621,65535,65535
792,759360,30447,34061,32677,30376,32885,35621,65535,65535
793,760320,30447,34061,32677,30376,32885,35621,65535,65535
794,761280,30447,34061,32677,30376,32885,35621,65535,65535
795,762240,30447,34061,32677,30376,32885,35621,65535,65535
796,763200,30447,34060,32677,30376,32885,35621,65535,65535
797,764160,30447,34060,32677,30376,32885,35621,65535,65535
798,765120,30447,34060,32677,30376,32885,35621,65535,65535
799,766080,30446,34060,32677,30376,32885,35621,65535,65535
800,767040,30446,34060,32677,30376,32885,35621,65535,65535
801,768000,30446,34060,32677,30376,32885,35621,65535,65535
802,768960,30446,34060,32677,30376,32885,35621,65535,65535
803,769920,30446,34060,32677,30376,32885,35621,65535,65535
804,770880,30446,34060,32677,30376,32885,35621,65535,65535
805,771840,30446,34060,32677,30376,32885,35621,65535,65535
806,772800,30446,34060,32677,30376,32885,35621,65535,65535
807,773760,30447,34060,32677,30376,32885,35621,65535,65535
808,774720,30447,34060,32677,30376,32885,35621,65535,65535
809,775680,30447,34060,32677,30376,32885,35621,65535,65535
810,776640,30447,34061,32677,30376,32885,35621,65535,65535
811,777600,30447,34061,32677,30376,32885,35621,65535,65535
812,778560,30447,34061,32677,30376,32885,35621,65535,65535
813,779520,30447,34061,32677,30376,32885,35621,65535,65535
814,780480,30447,34061,32677,30376,32885,35621,65535,65535
815,781440,30447,34061,32677,30376,32885,35621,65535,65535
816,782400,30447,34061,32677,30376,32885,35621,65535,65535
817,783360,30447,34060,32677,30376,32885,35621,65535,65535
818,784320,30447,34060,32677,30376,32885,35621,65535,65535
819,785280,30447,34060,32677,30376,32885,35621,65535,65535
820,786240,30446,34060,32677,30376,32885,35621,65535,65535
821,787200,30446,34060,32677,30376,32885,35621,65535,65535
822,788160,30446,34060,32677,30376,32885,35621,65535,65535
823,789120,30446,34060,32677,30376,32885,35621,65535,65535
824,790080,30446,34060,32677,30376,32885,35621,65535,65535
825,791040,30446,34060,32677,30376,32885,35621,65535,65535
826,792000,30446,34060,32677,30376,32885,35621,65535,65535
827,792960,30446,34060,32677,30376,32885,35621,65535,65535
828,793920,30447,34060,32677,30376,32885,35621,65535,65535
829,794880,30447,34060,32677,30376,32885,35621,65535,65535
830,795840,30447,34060,32677,30376,32885,35621,65535,65535
831,796800,30447,34061,32677,30376,32885,35621,65535,65535
832,797760,30447,34061,32677,30376,32885,35621,65535,65535
833,798720,30447,34061,32677,30376,32885,35621,65535,65535
834,799680,30447,34061,32677,30376,32885,35621,65535,65535
835,800640,30447,34061,32677,30376,32885,35621,65535,65535
836,801600,30447,34061,32677,30376,32885,35621,65535,65535
837,802560,30447,34061,32677,30376,32885,35621,65535,65535
838,803520,30447,34060,32677,30376,32885,35621,65535,65535
839,804480,30447,34060,32677,30376,32885,35621,65535,65535
840,805440,30447,34060,32677,30376,32885,35621,65535,65535
841,806400,30446,34060,32677,30376,32885,35621,65535,65535
842,807360,30446,34060,32677,30376,32885,35621,65535,65535
843,808320,30446,34060,32677,30376,32885,35621,65535,65535
844,809280,30446,34060,32677,30376,32885,35621,65535,65535
845,810240,30446,34060,32677,30376,32885,35621,65535,65535
846,811200,30446,34060,32677,30376,32885,35621,65535,65535
847,812160,30446,34060,32677,30376,32885,35621,65535,65535
848,813120,30446,34060,32677,30376,32885,35621,65535,65535
849,814080,30447,34060,32677,30376,32885,35621,65535,65535
850,815040,30447,34060,32677,30376,32885,35621,65535,65535
851,816000,30447,34060,32677,30376,32885,35621,65535,65535
852,816960,30447,34061,32677,30376,32885,35621,65535,65535
853,817920,30447,34061,32677,30376,32885,35621,65535,65535
854,818880,30447,34061,32677,30376,32885,35621,65535,65535
855,819840,30447,34061,32677,30376,32885,35621,65535,65535
856,820800,30447,34061,32677,30376,32885,35621,65535,65535
857,821760,30447,34061,32677,30376,32885,35621,65535,65535
858,822720,30447,34060,32677,30376,32885,35621,65535,65535
859,823680,30447,34060,32677,30376,32885,35621,65535,65535
860,824640,30447,34060,32677,30376,32885,35621,65535,65535
861,825600,30447,34060,32677,30376,32885,35621,65535,65535
862,826560,30446,34060,32677,30376,32885,35621,65535,65535
863,827520,30446,34060,32677,30376,32885,35621,65535,65535
864,828480,30446,34060,32677,30376,32885,35621,65535,65535
865,829440,30446,34060,32677,30376,32885,35621,65535,65535
866,830400,30446,34060,32677,30376,32885,35621,65535,65535
867,831360,30446,34060,32677,30376,32885,35621,65535,65535
868,832320,30446,34060,32677,30376,32885,35621,65535,65535
869,833280,30447,34060,32677,30376,32885,35621,65535,65535
870,834240,30447,34060,32677,30376,32885,35621,65535,65535
871,835200,30447,34060,32677,30376,32885,35621,65535,65535
872,836160,30447,34060,32677,30376,32885,35621,65535,65535
873,837120,30447,34061,32677,30376,32885,35621,65535,65535
874,838080,30447,34061,32677,30376,32885,35621,65535,65535
875,839040,30447,34061,32677,30376,32885,35621,65535,65535
876,840000,30447,34061,32677,30376,32885,35621,65535,65535
877,840960,30447,34061,32677,30376,32885,35621,65535,65535
878,841920,30447,34061,32677,30376,32885,35621,65535,65535
879,842880,30447,34060,32677,30376,32885,35621,65535,65535
880,843840,30447,34060,32677,30376,32885,35621,65535,65535
881,844800,30447,34060,32677,30376,32885,35621,65535,65535
882,845760,30446,34060,32677,30376,32885,35621,65535,65535
883,846720,30446,34060,32677,30376,32885,35621,65535,65535
884,847680,30446,34060,32677,30376,32885,35621,65535,65535
885,848640,30446,34060,32677,30376,32885,35621,65535,65535
886,849600,30446,34060,32677,30376,32885,35621,65535,65535
887,850560,30446,34060,32677,30376,32885,35621,65535,65535
888,851520,30446,34060,32677,30376,32885,35621,65535,65535
889,852480,30446,34060,32677,30376,32885,35621,65535,65535
890,853440,30447,34060,32677,30376,32885,35621,65535,65535
891,854400,30447,34060,32677,30376,32885,35621,65535,65535
892,855360,30447,34060,32677,30376,32885,35621,65535,65535
893,856320,30447,34060,32677,30376,32885,35621,65535,65535
894,857280,30447,34061,32677,30376,32885,35621,65535,65535
895,858240,30447,34061,32677,30376,32885,35621,65535,65535
896,859200,30447,34061,32677,30376,32885,35621,65535,65535
897,860160,30447,34061,32677,30376,32885,35621,65535,65535
898,861120,30447,34061,32677,30376,32885,35621,65535,65535
899,862080,30447,34061,32677,30376,32885,35621,65535,65535
900,863040,30447,34060,32677,30376,32885,35621,65535,65535
901,864000,30447,34060,32677,30376,32885,35621,65535,65535
902,864960,30447,34060,32677,30376,32885,35621,65535,65535
903,865920,30446,34060,32677,30376,32885,35621,65535,65535
904,866880,30446,34060,32677,30376,32885,35621,65535,65535
905,867840,30446,34060,32677,30376,32885,35621,65535,65535
906,868800,30446,34060,32677,30376,32885,35621,65535,65535
907,869760,30446,34060,32677,30376,32885,35621,65535,65535
908,870720,30446,34060,32677,30376,32885,35621,65535,65535
909,871680,30446,34060,32677,30376,32885,35621,65535,65535
910,872640,30446,34060,32677,30376,32885,35621,65535,65535
911,873600,30447,34060,32677,30376,32885,35621,65535,65535
912,874560,30447,34060,32677,30376,32885,35621,65535,65535
913,875520,30447,34060,32677,30376,32885,35621,65535,65535
914,876480,30447,34061,32677,30376,32885,35621,65535,65535
915,877440,30447,34061,32677,30376,32885,35621,65535,65535
916,878400,30447,34061,32677,30376,32885,35621,65535,65535
917,879360,30447,34061,32677,30376,32885,35621,65535,65535
918,880320,30447,34061,32677,30376,32885,35621,65535,65535
919,881280,30447,34061,32677,30376,32885,35621,65535,65535
920,882240,30447,34061,32677,30376,32885,35621,65535,65535
921,883200,30447,34060,32677,30376,32885,35621,65535,65535
922,884160,30447,34060,32677,30376,32885,35621,65535,65535
923,885120,30447,34060,32677,30376,32885,35621,65535,65535
924,886080,30446,34060,32677,30376,32885,35621,65535,65535
925,887040,30446,34060,32677,30376,32885,35621,65535,65535
926,888000,30446,34060,32677,30376,32885,35621,65535,65535
927,888960,30446,34060,32677,30376,32885,35621,65535,65535
928,889920,30446,34060,32677,30376,32885,35621,65535,65535
929,890880,30446,34060,32677,30376,32885,35621,65535,65535
930,891840,30446,34060,32677,30376,32885,35621,65535,65535
931,892800,30446,34060,32677,30376,32885,35621,65535,65535
932,893760,30447,34060,32677,30376,32885,35621,65535,65535
933,894720,30447,34060,32677,30376,32885,35621,65535,65535
934,895680,30447,34060,32677,30376,32885,35621,65535,65535
935,896640,30447,34061,32677,30376,32885,35621,65535,65535
936,897600,30447,34061,32677,30376,32885,35621,65535,65535
937,898560,30447,34061,32677,30376,32885,35621,65535,65535
938,899520,30447,34061,32677,30376,32885,35621,65535,65535
939,900480,30447,34061,32677,30376,32885,35621,65535,65535
940,901440,30447,34061,32677,30376,32885,35621,65535,65535
941,902400,30447,34061,32677,30376,32885,35621,65535,65535
942,903360,30447,34060,32677,30376,32885,35621,65535,65535
943,904320,30447,34060,32677,30376,32885,35621,65535,65535
944,905280,30447,34060,32677,30376,32885,35621,65535,65535
945,906240,30446,34060,32677,30376,32885,35621,65535,65535
946,907200,30446,34060,32677,30376,32885,35621,65535,65535
947,908160,30446,34060,32677,30376,32885,35621,65535,65535
948,909120,30446,34060,32677,30376,32885,35621,65535,65535
949,910080,30446,34060,32677,30376,32885,35621,65535,65535
950,911040,30446,34060,32677,30376,32885,35621,65535,65535
951,912000,30446,34060,32677,30376,32885,35621,65535,65535
952,912960,30446,34060,32677,30376,32885,35621,65535,65535
953,913920,30447,34060,32677,30376,32885,35621,65535,65535
954,914880,30447,34060,32677,30376,32885,35621,65535,65535
955,915840,30447,34060,32677,30376,32885,35621,65535,65535
956,916800,30447,34061,32677,30376,32885,35621,65535,65535
957,917760,30447,34061,32677,30376,32885,35621,65535,65535
958,918720,30447,34061,32677,30376,32885,35621,65535,65535
959,919680,30447,34061,32677,30376,32885,35621,65535,65535
960,920640,30447,34061,32677,30376,32885,35621,65535,65535
961,921600,30447,34061,32677,30376,32885,35621,65535,65535
962,922560,30447,34061,32677,30376,32885,35621,65535,65535
963,923520,30447,34060,32677,30376,32885,35621,65535,65535
964,924480,30447,34060,32677,30376,32885,35621,65535,65535
965,925440,30447,34060,32677,30376,32885,35621,65535,65535
966,926400,30446,34060,32677,30376,32885,35621,65535,65535
967,927360,30446,34060,32677,30376,32885,35621,65535,65535
968,928320,30446,34060,32677,30376,32885,35621,65535,65535
969,929280,30446,34060,32677,30376,32885,35621,65535,65535
970,930240,30446,34060,32677,30376,32885,35621,65535,65535
971,931200,30446,34060,32677,30376,32885,35621,65535,65535
972,932160,30446,34060,32677,30376,32885,35621,65535,65535
973,933120,30446,34060,32677,30376,32885,35621,65535,65535
974,934080,30447,34060,32677,30376,32885,35621,65535,65535
975,935040,30447,34060,32677,30376,32885,35621,65535,65535
976,936000,30447,34060,32677,30376,32885,35621,65535,65535
977,936960,30447,34061,32677,30376,32885,35621,65535,65535
978,937920,30447,34061,32677,30376,32885,35621,65535,65535
979,938880,30447,34061,32677,30376,32885,35621,65535,65535
980,939840,30447,34061,32677,30376,32885,35621,65535,65535
981,940800,30447,34061,32677,30376,32885,35621,65535,65535
982,941760,30447,34061,32677,30376,32885,35621,65535,65535
983,942720,30447,34060,32677,30376,32885,35621,65535,65535
984,943680,30447,34060,32677,30376,32885,35621,65535,65535
985,944640,30447,34060,32677,30376,32885,35621,65535,65535
986,945600,30447,34060,32677,30376,32885,35621,65535,65535
987,946560,30446,34060,32677,30376,32885,35621,65535,65535
988,947520,30446,34060,32677,30376,32885,35621,65535,65535
989,948480,30446,34060,32677,30376,32885,35621,65535,65535
990,949440,30446,34060,32677,30376,32885,35621,65535,65535
991,950400,30446,34060,32677,30376,32885,35621,65535,65535
992,951360,30446,34060,32677,30376,32885,35621,65535,65535
993,952320,30446,34060,32677,30376,32885,35621,65535,65535
994,953280,30446,34060,32677,30376,32885,35621,65535,65535
995,954240,30447,34060,32677,30376,32885,35621,65535,65535
996,955200,30447,34060,32677,30376,32885,35621,65535,65535
997,956160,30447,34060,32677,30376,32885,35621,65535,65535
998,957120,30447,34061,32677,30376,32885,35621,65535,65535
999,958080,30447,34061,32677,30376,32885,35621,65535,65535
1000,959040,30447,34061,32677,30376,32885,35621,65535,65535
1001,960000,30447,34061,32677,30376,32885,35621,65535,65535
1002,960960,30447,34061,32677,30376,32885,35621,65535,65535
1003,961920,30447,34061,32677,30376,32885,35621,65535,65535
1004,962880,30447,34060,32677,30376,32885,35621,65535,65535
1005,963840,30447,34060,32677,30376,32885,35621,65535,65535
1006,964800,30447,34060,32677,30376,32885,35621,65535,65535
1007,965760,30447,34060,32677,30376,32885,35621,65535,65535
1008,966720,30446,34060,32677,30376,32885,35621,65535,65535
1009,967680,30446,34060,32677,30376,32885,35621,65535,65535
1010,968640,30446,34060,32677,30376,32885,35621,65535,65535
1011,969600,30446,34060,32677,30376,32885,35621,65535,65535
1012,970560,30446,34060,32677,30376,32885,35621,65535,65535
1013,971520,30446,34060,32677,30376,32885,35621,65535,65535
1014,972480,30446,34060,32677,30376,32885,35621,65535,65535
1015,973440,30447,34060,32677,30376,32885,35621,65535,65535
1016,974400,30447,34060,32677,30376,32885,35621,65535,65535
1017,975360,30447,34060,32677,30376,32885,35621,65535,65535
1018,976320,30447,34060,32677,30376,32885,35621,65535,65535
1019,977280,30447,34061,32677,30376,32885,35621,65535,65535
1020,978240,30447,34061,32677,30376,32885,35621,65535,65535
1021,979200,30447,34061,32677,30376,32885,35621,65535,65535
1022,980160,30447,34061,32677,30376,32885,35621,65535,65535
1023,981120,30447,34061,32677,30376,32885,35621,65535,65535
1024,982080,30447,34061,32677,30376,32885,35621,65535,65535
1025,983040,30447,34060,32677,30376,32885,35621,65535,65535
1026,984000,30447,34060,32677,30376,32885,35621,65535,65535
1027,984960,30447,34060,32677,30376,32885,35621,65535,65535
1028,985920,30446,34060,32677,30376,32885,35621,65535,65535
1029,986880,30446,34060,32677,30376,32885,35621,65535,65535
1030,987840,30446,34060,32677,30376,32885,35621,65535,65535
1031,988800,30446,34060,32677,30376,32885,35621,65535,65535
1032,989760,30446,34060,32677,30376,32885,35621,65535,65535
1033,990720,30446,34060,32677,30376,32885,35621,65535,65535
1034,991680,30446,34060,32677,30376,32885,35621,65535,65535
1035,992640,30446,34060,32677,30376,32885,35621,65535,65535
1036,993600,30447,34060,32677,30376,32885,35621,65535,65535
1037,994560,30447,34060,32677,30376,32885,35621,65535,65535
1038,995520,30447,34060,32677,30376,32885,35621,65535,65535
1039,996480,30447,34061,32677,30376,32885,35621,65535,65535
1040,997440,30447,34061,32677,30376,32885,35621,65535,65535
1041,998400,30447,34061,32677,30376,32885,35621,65535,65535
1042,999360,30447,34061,32677,30376,32885,35621,65535,65535
