1,0,32735,24122,33666,38323,30726,38631,0,0
2,960,32314,24650,34201,37718,30619,38696,0,0
3,1920,31803,25264,34657,37223,30685,38542,0,0
4,2880,31250,25909,34991,36884,30919,38183,0,0
5,3840,30704,26527,35175,36731,31300,37651,0,0
6,4800,30215,27061,35190,36778,31793,36994,0,0
7,5760,29826,27464,35037,37021,32354,36272,0,0
8,6720,29574,27700,34728,37437,32932,35550,0,0
9,7680,29480,27746,34291,37989,33475,34893,0,0
10,8640,29553,27600,33767,38627,33934,34360,0,0
11,9600,29786,27273,33201,39295,34267,34000,0,0
12,10560,30160,26796,32647,39930,34445,33844,0,0
13,11520,30638,26212,32152,40477,34451,33907,0,0
14,12480,31180,25573,31763,40885,34285,34184,0,0
15,13440,31735,24937,31514,41119,33962,34649,0,0
16,14400,32253,24361,31427,41156,33511,35260,0,0
17,15360,32689,23898,31511,40993,32972,35963,0,0
18,16320,33001,23589,31758,40646,32395,36693,0,0
19,17280,33163,23462,32146,40145,31831,37385,0,0
20,18240,33160,23529,32639,39535,31332,37976,0,0
21,19200,32991,23783,33193,38873,30942,38414,0,0
22,20160,32673,24202,33759,38217,30696,38657,0,0
23,21120,32233,24748,34284,37626,30618,38686,0,0
24,22080,31712,25371,34722,37155,30713,38496,0,0
25,23040,31157,26015,35033,36845,30973,38105,0,0
26,24000,30617,26623,35189,36725,31376,37549,0,0
27,24960,30142,27139,35176,36805,31883,36877,0,0
28,25920,29774,27516,34995,37079,32451,36150,0,0
29,26880,29547,27721,34663,37520,33027,35434,0,0
30,27840,29480,27735,34209,38091,33559,34794,0,0
31,28800,29581,27557,33674,38738,33999,34287,0,0
32,29760,29840,27203,33107,39404,34308,33959,0,0
33,30720,30233,26705,32559,40029,34458,33839,0,0
34,31680,30726,26107,32079,40556,34435,33939,0,0
35,32640,31273,25465,31711,40937,34242,34249,0,0
36,33600,31825,24835,31488,41139,33895,34742,0,0
37,34560,32333,24275,31429,41142,33426,35373,0,0
38,35520,32750,23835,31541,40947,32877,36084,0,0
39,36480,33039,23555,31814,40572,32299,36813,0,0
40,37440,33175,23460,32222,40049,31742,37492,0,0
41,38400,33143,23559,32728,39427,31258,38061,0,0
42,39360,32948,23843,33288,38761,30890,38469,0,0
43,40320,32607,24286,33850,38112,30671,38677,0,0
44,41280,32151,24848,34364,37538,30622,38669,0,0
45,42240,31621,25479,34784,37091,30745,38444,0,0
46,43200,31065,26121,35070,36812,31032,38023,0,0
47,44160,30532,26717,35199,36725,31454,37443,0,0
48,45120,30072,27212,35157,36838,31975,36758,0,0
49,46080,29726,27563,34950,37141,32548,36028,0,0
50,47040,29524,27737,34594,37608,33120,35321,0,0
51,48000,29486,27719,34124,38195,33640,34699,0,0
52,48960,29614,27510,33580,38850,34061,34219,0,0
53,49920,29897,27129,33013,39513,34345,33924,0,0
54,50880,30309,26611,32473,40125,34466,33841,0,0
55,51840,30814,26002,32009,40631,34414,33977,0,0
56,52800,31366,25357,31663,40984,34194,34320,0,0
57,53760,31914,24735,31466,41153,33824,34839,0,0
58,54720,32410,24192,31436,41123,33338,35487,0,0
59,55680,32808,23776,31576,40896,32781,36206,0,0
60,56640,33073,23526,31873,40494,32203,36931,0,0
61,57600,33181,23463,32300,39951,31655,37596,0,0
62,58560,33122,23594,32819,39317,31188,38142,0,0
63,59520,32901,23906,33383,38650,30842,38518,0,0
64,60480,32538,24372,33941,38010,30651,38691,0,0
65,61440,32067,24950,34442,37454,30630,38646,0,0
66,62400,31529,25586,34841,37032,30782,38387,0,0
67,63360,30973,26225,35103,36783,31093,37936,0,0
68,64320,30449,26807,35204,36730,31535,37335,0,0
69,65280,30005,27282,35134,36876,32068,36638,0,0
70,66240,29681,27605,34900,37209,32644,35907,0,0
71,67200,29506,27747,34523,37699,33211,35210,0,0
72,68160,29495,27697,34037,38301,33718,34608,0,0
73,69120,29651,27457,33486,38961,34118,34156,0,0
74,70080,29957,27051,32920,39620,34377,33895,0,0
75,71040,30388,26514,32389,40218,34470,33848,0,0
76,72000,30904,25895,31942,40701,34389,34020,0,0
77,72960,31459,25251,31619,41026,34142,34395,0,0
78,73920,32002,24638,31449,41162,33750,34940,0,0
79,74880,32484,24113,31448,41099,33249,35604,0,0
80,75840,32862,23722,31615,40841,32685,36329,0,0
81,76800,33103,23502,31936,40412,32108,37048,0,0
82,77760,33183,23472,32382,39850,31570,37697,0,0
83,78720,33096,23634,32911,39207,31121,38217,0,0
84,79680,32849,23974,33478,38540,30799,38562,0,0
85,80640,32466,24462,34029,37910,30635,38699,0,0
86,81600,31980,25053,34517,37373,30644,38617,0,0
87,82560,31436,25694,34895,36978,30824,38324,0,0
88,83520,30882,26327,35132,36760,31159,37845,0,0
89,84480,30369,26895,35204,36740,31619,37224,0,0
90,85440,29942,27347,35106,36919,32163,36516,0,0
91,86400,29641,27642,34846,37281,32741,35787,0,0
92,87360,29493,27752,34448,37793,33301,35101,0,0
93,88320,29510,27669,33948,38408,33793,34521,0,0
94,89280,29692,27400,33391,39073,34172,34098,0,0
95,90240,30022,26969,32827,39726,34404,33872,0,0
96,91200,30470,26415,32307,40308,34469,33862,0,0
97,92160,30995,25788,31879,40767,34359,34069,0,0
98,93120,31551,25145,31579,41062,34086,34475,0,0
99,94080,32088,24543,31437,41166,33673,35044,0,0
100,95040,32555,24037,31464,41069,33158,35722,0,0
101,96000,32913,23673,31659,40780,32588,36451,0,0
102,96960,33127,23483,32003,40326,32014,37163,0,0
103,97920,33180,23485,32465,39747,31488,37794,0,0
104,98880,33065,23679,33005,39096,31057,38288,0,0
105,99840,32794,24046,33572,38431,30760,38599,0,0
106,100800,32391,24555,34116,37812,30625,38701,0,0
107,101760,31892,25158,34588,37296,30662,38583,0,0
108,102720,31343,25802,34945,36929,30869,38256,0,0
109,103680,30792,26428,35156,36743,31228,37750,0,0
110,104640,30290,26980,35200,36756,31705,37110,0,0
111,105600,29882,27408,35073,36967,32258,36395,0,0
112,106560,29605,27673,34789,37357,32837,35668,0,0
113,107520,29484,27752,34371,37889,33389,34995,0,0
114,108480,29529,27637,33858,38517,33865,34438,0,0
115,109440,29737,27339,33296,39184,34222,34046,0,0
116,110400,30089,26884,32736,39829,34427,33855,0,0
117,111360,30553,26314,32228,40394,34462,33882,0,0
118,112320,31087,25681,31819,40829,34324,34124,0,0
119,113280,31643,25040,31544,41093,34026,34560,0,0
120,114240,32171,24451,31430,41163,33593,35151,0,0
121,115200,32624,23966,31486,41034,33066,35842,0,0
122,116160,32959,23629,31706,40715,32492,36572,0,0
123,117120,33148,23470,32073,40237,31922,37275,0,0
124,118080,33172,23505,32551,39642,31408,37887,0,0
125,119040,33030,23729,33099,38984,30997,38353,0,0
126,120000,32735,24123,33666,38323,30726,38631,0,0
127,120960,32314,24650,34201,37718,30619,38696,0,0
128,121920,31803,25264,34657,37223,30685,38542,0,0
129,122880,31250,25909,34991,36884,30919,38183,0,0
130,123840,30704,26527,35175,36731,31300,37651,0,0
131,124800,30215,27061,35190,36778,31793,36994,0,0
132,125760,29826,27464,35037,37021,32354,36272,0,0
133,126720,29574,27700,34728,37437,32932,35550,0,0
134,127680,29480,27746,34291,37989,33475,34893,0,0
135,128640,29553,27600,33767,38627,33934,34360,0,0
136,129600,29786,27273,33201,39295,34267,34000,0,0
137,130560,30160,26796,32647,39930,34445,33844,0,0
138,131520,30638,26212,32152,40477,34451,33907,0,0
139,132480,31180,25573,31763,40885,34285,34184,0,0
140,133440,31735,24937,31514,41119,33962,34649,0,0
141,134400,32253,24361,31427,41156,33511,35260,0,0
142,135360,32689,23898,31511,40993,32972,35963,0,0
143,136320,33001,23589,31758,40645,32395,36693,0,0
144,137280,33163,23462,32146,40145,31831,37385,0,0
145,138240,33160,23529,32639,39535,31332,37976,0,0
146,139200,32991,23783,33193,38873,30942,38414,0,0
147,140160,32673,24202,33758,38217,30696,38657,0,0
148,141120,32233,24748,34284,37626,30618,38686,0,0
149,142080,31712,25371,34722,37155,30713,38496,0,0
150,143040,31157,26015,35033,36845,30973,38105,0,0
151,144000,30617,26623,35189,36725,31376,37549,0,0
152,144960,30142,27139,35176,36805,31883,36877,0,0
153,145920,29774,27516,34995,37079,32451,36150,0,0
154,146880,29547,27721,34663,37520,33026,35434,0,0
155,147840,29480,27735,34209,38091,33559,34794,0,0
156,148800,29581,27557,33674,38738,33999,34287,0,0
157,149760,29840,27203,33107,39404,34308,33959,0,0
158,150720,30233,26705,32559,40029,34458,33839,0,0
159,151680,30726,26107,32079,40556,34435,33939,0,0
160,152640,31273,25465,31711,40937,34241,34250,0,0
161,153600,31825,24835,31488,41139,33895,34742,0,0
162,154560,32333,24275,31429,41142,33426,35373,0,0
163,155520,32750,23835,31541,40947,32877,36084,0,0
164,156480,33039,23555,31814,40572,32299,36813,0,0
165,157440,33174,23460,32222,40049,31742,37492,0,0
166,158400,33143,23559,32728,39427,31258,38061,0,0
167,159360,32948,23843,33288,38761,30890,38469,0,0
168,160320,32607,24286,33850,38112,30671,38677,0,0
169,161280,32151,24848,34364,37538,30622,38669,0,0
170,162240,31621,25479,34784,37091,30745,38444,0,0
171,163200,31065,26121,35070,36812,31032,38023,0,0
172,164160,30532,26717,35199,36725,31454,37443,0,0
173,165120,30072,27212,35157,36838,31975,36758,0,0
174,166080,29726,27563,34950,37142,32548,36028,0,0
175,167040,29524,27737,34594,37608,33120,35321,0,0
176,168000,29486,27719,34124,38195,33640,34699,0,0
177,168960,29614,27510,33580,38850,34061,34219,0,0
178,169920,29897,27129,33013,39513,34345,33924,0,0
179,170880,30309,26611,32473,40125,34466,33841,0,0
180,171840,30814,26002,32009,40631,34414,33977,0,0
181,172800,31366,25357,31663,40984,34194,34320,0,0
182,173760,31914,24735,31466,41153,33824,34839,0,0
183,174720,32410,24192,31436,41123,33338,35488,0,0
184,175680,32808,23776,31576,40896,32781,36206,0,0
185,176640,33073,23526,31873,40494,32203,36931,0,0
186,177600,33181,23463,32300,39951,31655,37596,0,0
187,178560,33122,23594,32819,39317,31188,38141,0,0
188,179520,32901,23906,33383,38650,30842,38518,0,0
189,180480,32538,24372,33941,38010,30651,38691,0,0
190,181440,32067,24950,34442,37454,30630,38646,0,0
191,182400,31529,25586,34841,37032,30782,38386,0,0
192,183360,30973,26225,35103,36783,31093,37936,0,0
193,184320,30449,26807,35204,36730,31535,37335,0,0
194,185280,30006,27282,35134,36876,32068,36638,0,0
195,186240,29681,27605,34900,37209,32644,35907,0,0
196,187200,29506,27747,34523,37699,33211,35210,0,0
197,188160,29495,27697,34037,38301,33718,34608,0,0
198,189120,29651,27457,33486,38961,34118,34156,0,0
199,190080,29957,27051,32920,39620,34377,33895,0,0
200,191040,30388,26514,32389,40218,34470,33848,0,0
201,192000,30904,25895,31942,40701,34389,34020,0,0
202,192960,31459,25251,31619,41026,34142,34395,0,0
203,193920,32002,24638,31449,41162,33750,34940,0,0
204,194880,32484,24113,31448,41099,33249,35604,0,0
205,195840,32862,23722,31615,40841,32685,36329,0,0
206,196800,33102,23502,31936,40412,32108,37048,0,0
207,197760,33183,23472,32382,39850,31570,37697,0,0
208,198720,33096,23634,32911,39207,31121,38217,0,0
209,199680,33074,22406,27568,30705,36593,48914,65535,0
210,200640,30596,23700,14174,23266,52831,55591,65535,0
211,201600,34635,27200,11622,16258,51232,59299,65535,0
212,202560,43009,35164,7189,9317,47042,57878,65535,0
213,203520,48670,42649,338,2693,48140,56651,65535,0
214,204480,54923,50493,0,0,41981,50717,65535,0
215,205440,61618,58309,3899,1605,31039,40106,65535,0
216,206400,65000,63669,7974,5733,23366,29518,65535,0
217,207360,65535,65535,14247,11663,16411,20914,65535,0
218,208320,64261,65339,23556,21536,8242,10327,65535,0
219,209280,60454,61704,32743,30948,2832,4141,65535,0
220,210240,53953,55659,41177,40433,993,605,65535,0
221,211200,46021,47853,49448,49063,809,0,65535,0
222,212160,37586,39382,56092,55768,2808,2253,65535,0
223,213120,28695,30793,60212,60314,7855,7004,65535,0
224,214080,20179,22597,61974,62289,14917,14125,65535,0
225,215040,13106,15738,61356,62234,22905,21952,65535,0
226,216000,7785,10307,58153,59836,31706,30729,65535,0
227,216960,4569,6624,52646,55477,40669,39672,65535,0
228,217920,3894,4995,45531,49516,48627,48041,65535,0
229,218880,5792,5542,37343,42253,55005,55373,65535,0
230,219840,9980,8290,28720,34159,59442,61120,65535,0
231,220800,16111,13144,20546,25896,61400,64668,65535,0
232,221760,23698,19844,13540,18172,60654,65535,65535,0
233,222720,32004,27841,8286,11782,57371,63473,65535,0
234,223680,40240,36358,5279,7427,51871,58595,65535,0
235,224640,47701,44553,4811,5712,44586,51189,65535,0
236,225600,53707,51510,6905,6883,36203,42029,65535,0
237,226560,57688,56438,11352,10869,27526,32085,65535,0
238,227520,59299,58794,17760,17256,19315,22425,65535,0
239,228480,58412,58361,25539,25323,12303,14086,65535,0
240,229440,55110,55256,33969,34181,7141,7906,65535,0
241,230400,49692,49893,42297,42904,4284,4431,65535,0
242,231360,42666,42912,49772,50656,3969,3851,65535,0
243,232320,34669,35049,55724,56779,6217,6054,65535,0
244,233280,26417,27039,59627,60841,10821,10679,65535,0
245,234240,18652,19546,61142,62637,17354,17199,65535,0
246,235200,12070,13123,60141,62147,25222,25010,65535,0
247,236160,7252,8200,56722,59497,33720,33487,65535,0
248,237120,4624,5098,51199,54926,42088,42003,65535,0
249,238080,4417,4041,44071,48770,49573,49939,65535,0
250,239040,6646,5144,35977,41463,55509,56689,65535,0
251,240000,11108,8391,27645,33547,59365,61676,65535,0
252,240960,17402,13603,19825,25667,60793,64400,65535,0
253,241920,24960,20407,13220,18535,59667,64500,65535,0
254,242880,33100,28234,8428,12867,56086,61840,65535,0
255,243840,41087,36351,5881,9292,50376,56560,65535,0
256,244800,48196,43937,5812,8254,43051,49105,65535,0
257,245760,53783,50188,8225,9927,34777,40195,65535,0
258,246720,57341,54426,12902,14174,26306,30745,65535,0
259,247680,58549,56204,19416,20559,18406,21743,65535,0
260,248640,57300,55362,27173,28399,11794,14114,65535,0
261,249600,53710,52041,35467,36870,7069,8602,65535,0
262,250560,48110,46645,43547,45121,4654,5683,65535,0
263,251520,41010,39766,50680,52375,4765,5532,65535,0
264,252480,33056,32098,56224,58017,7385,8040,65535,0
265,253440,24968,24345,59681,61629,12273,12868,65535,0
266,254400,17476,17158,60743,62997,18984,19510,65535,0
267,255360,11254,11093,59319,62094,26909,27367,65535,0
268,256320,6861,6594,55541,59053,35332,35791,65535,0
269,257280,4692,3987,49750,54137,43495,44125,65535,0
270,258240,4940,3475,42470,47728,50661,51721,65535,0
271,259200,7583,5128,34358,40316,56185,57961,65535,0
272,260160,12384,8866,26144,32490,59568,62295,65535,0
273,261120,18909,14432,18573,24915,60502,64284,65535,0
274,262080,26571,21390,12328,18285,58901,63660,65535,0
275,263040,34675,29136,7978,13262,54908,60386,65535,0
276,264000,42487,36943,5918,10386,48881,54693,65535,0
277,264960,49297,44034,6339,10005,41367,47079,65535,0
278,265920,54486,49679,9203,12207,33048,38276,65535,0
279,266880,57581,53289,14252,16795,24679,29165,65535,0
280,267840,58300,54496,21027,23308,17022,20668,65535,0
281,268800,56577,53198,28911,31080,10773,13630,65535,0
282,269760,52570,49564,37188,39324,6499,8722,65535,0
283,270720,46645,44000,45106,47235,4588,6364,65535,0
284,271680,39340,37082,51946,54085,5212,6700,65535,0
285,272640,31318,29484,57089,59286,8311,9613,65535,0
286,273600,23307,21893,60071,62438,13603,14759,65535,0
287,274560,16032,14956,60624,63338,20608,21631,65535,0
288,275520,10150,9229,58697,61968,28691,29615,65535,0
289,276480,6193,5158,54467,58483,37122,38041,65535,0
290,277440,4518,3058,48316,53182,45138,46223,65535,0
291,278400,5278,3101,40799,46496,52014,53493,65535,0
292,279360,8405,5309,32595,38963,57128,59238,65535,0
293,280320,13619,9533,24445,31211,60016,62940,65535,0
294,281280,20450,15452,17089,23915,60412,64223,65535,0
295,282240,28280,22574,11194,17750,58279,62905,65535,0
296,283200,36401,30268,7297,13322,53806,59038,65535,0
297,284160,44075,37811,5754,11099,47397,52929,65535,0
298,285120,50604,44467,6710,11341,39631,45126,65535,0
299,286080,55393,49568,10079,14062,31212,36371,65535,0
300,287040,58005,52597,15558,19011,22907,27522,65535,0
301,288000,58201,53255,22649,25704,15471,19450,65535,0
302,288960,55961,51492,30710,33476,9580,12940,65535,0
303,289920,51489,47509,39006,41565,5770,8597,65535,0
304,290880,45191,41722,46785,49199,4388,6794,65535,0
305,291840,37638,34708,53341,55682,5560,7641,65535,0
306,292800,29515,27130,58077,60456,9178,10997,65535,0
307,293760,21560,19670,60566,63143,14916,16505,65535,0
308,294720,14492,12970,60582,63555,22252,23642,65535,0
309,295680,8953,7585,58122,61700,30524,31771,65535,0
310,296640,5443,3949,53408,57762,38982,40199,65535,0
311,297600,4282,2358,46867,52082,46861,48219,65535,0
312,298560,5578,2949,39088,45135,53447,55155,65535,0
313,299520,9214,5689,30775,37501,58143,60408,65535,0
314,300480,14864,10371,22681,29836,60520,63496,65535,0
315,301440,22019,16613,15539,22818,60361,64108,65535,0
316,302400,30032,23881,9998,17098,57676,62138,65535,0
317,303360,38177,31521,6565,13233,52705,57717,65535,0
318,304320,45714,38819,5554,11620,45896,51217,65535,0
319,305280,51958,45072,7059,12449,37865,43229,65535,0
320,306240,56339,49666,10948,15665,29342,34505,65535,0
321,307200,58457,52149,16870,20971,21099,25885,65535,0
322,308160,58117,52280,24287,27856,13887,18199,65535,0
323,309120,55349,50058,32529,35654,8361,12179,65535,0
324,310080,50402,45717,40845,43617,5026,8379,65535,0
325,311040,43724,39691,48481,50999,4185,7124,65535,0
326,312000,35920,32561,54743,57131,5916,8486,65535,0
327,312960,27699,24990,59063,61482,10062,12297,65535,0
328,313920,19805,17658,61049,63698,16249,18176,65535,0
329,314880,12954,11201,60518,63619,23917,25575,65535,0
330,315840,7767,6166,57519,61281,32373,33837,65535,0
331,316800,4715,2972,52319,56904,40850,42246,65535,0
332,317760,4077,1886,45390,50869,48581,50082,65535,0
333,318720,5912,3005,37357,43693,54865,56670,65535,0
334,319680,10058,6246,28945,35991,59132,61430,65535,0
335,320640,16140,11347,20918,28435,60991,63924,65535,0
336,321600,23612,17875,14003,21703,60271,63900,65535,0
337,322560,31797,25259,8828,16418,57034,61322,65535,0
338,323520,39952,32831,5868,13089,51570,56390,65535,0
339,324480,47339,39886,5392,12053,44370,49535,65535,0
340,325440,53285,45753,7448,13432,36088,41381,65535,0
341,326400,57249,49867,11852,17115,27473,32690,65535,0
342,327360,58867,51830,18207,22760,19308,24287,65535,0
343,328320,57991,51456,25939,29833,12334,16969,65535,0
344,329280,54697,48789,34345,37661,7187,11420,65535,0
345,330240,49283,44096,42665,45506,4334,8147,65535,0
346,331200,42237,37832,50142,52643,4038,7430,65535,0
347,332160,34200,30587,56097,58428,6325,9303,65535,0
348,333120,25897,23028,59990,62356,10991,13564,65535,0
349,334080,18082,15832,61467,64101,17615,19803,65535,0
350,335040,11464,9630,60390,63534,25598,27448,65535,0
351,336000,6643,4955,56858,60725,34216,35817,65535,0
352,336960,4056,2205,51185,55931,42692,44179,65535,0
353,337920,3942,1615,43886,49574,50256,51806,65535,0
354,338880,6312,3241,35618,42206,56222,58030,65535,0
355,339840,10955,6950,27130,34469,60049,62299,65535,0
356,340800,17454,12429,19191,27049,61386,64216,65535,0
357,341760,25221,19204,12520,20613,60109,63589,65535,0
358,342720,33555,26673,7725,15757,56331,60445,65535,0
359,343680,41700,34158,5242,12944,50389,55047,65535,0
360,344640,48917,40966,5301,12454,42821,47873,65535,0
361,345600,54551,46457,7900,14351,34310,39578,65535,0
362,346560,58088,50108,12806,18471,25628,30932,65535,0
363,347520,59204,51573,19576,24433,17562,22747,65535,0
364,348480,57795,50714,27598,31680,10845,15787,65535,0
365,349440,53987,47620,36147,39531,6088,10697,65535,0
366,350400,48123,42587,44446,47256,3724,7940,65535,0
367,351360,40732,36095,51743,54146,3970,7751,65535,0
368,352320,32483,28746,57376,59581,6806,10125,65535,0
369,353280,24124,21212,60833,63085,11977,14822,65535,0
370,354240,16411,14168,61798,64361,19016,21403,65535,0
371,355200,10044,8234,60182,63315,27287,29269,65535,0
372,356160,5601,3928,56129,60052,36043,37717,65535,0
373,357120,3486,1623,50003,54869,44492,46002,65535,0
374,358080,3892,1518,42357,48223,51866,53395,65535,0
375,359040,6787,3626,33882,40699,57499,59243,65535,0
376,360000,11911,7769,25344,32961,60877,63021,65535,0
377,360960,18803,13589,17516,25699,61691,64380,65535,0
378,361920,26840,20573,11109,19569,59864,63180,65535,0
379,362880,35297,28097,6704,15138,55559,59509,65535,0
380,363840,43407,35477,4705,12824,49162,53684,65535,0
381,364800,50434,42033,5296,12854,41250,46227,65535,0
382,365760,55740,47152,8425,15240,32538,37817,65535,0
383,366720,58842,50353,13814,19770,23815,29233,65535,0
384,367680,59455,51337,20976,26026,15873,21270,65535,0
385,368640,57522,50013,29263,33429,9432,14667,65535,0
386,369600,53214,46507,37926,41291,5077,10031,65535,0
387,370560,46921,41152,46180,48887,3206,7781,65535,0
388,371520,39209,34448,53276,55524,3991,8109,65535,0
389,372480,30776,27011,58571,60605,7363,10969,65535,0
390,373440,22387,19519,61583,63682,13019,16086,65535,0
391,374400,14799,12642,62036,64494,20450,22986,65535,0
392,375360,8702,6990,59888,62979,28983,31045,65535,0
393,376320,4649,3061,55331,59282,37848,39542,65535,0
394,377280,3009,1198,48773,53736,46242,47722,65535,0
395,378240,3932,1566,40807,46835,53405,54860,65535,0
396,379200,7340,4134,32153,39190,58688,60321,65535,0
397,380160,12925,8680,23592,31481,61608,63611,65535,0
398,381120,20186,14805,15900,24398,61900,64427,65535,0
399,382080,28466,21965,9775,18584,59533,62682,65535,0
400,383040,37018,29517,5773,14574,54718,58518,65535,0
401,384000,45067,36774,4261,12744,47888,52303,65535,0
402,384960,51882,43068,5377,13274,39659,44595,65535,0
403,385920,56846,47818,9025,16123,30775,36097,65535,0
404,386880,59506,50580,14877,21036,22040,27590,65535,0
405,387840,59618,51098,22405,27563,14245,19859,65535,0
406,388800,57169,49324,30930,35103,8098,13615,65535,0
407,389760,52378,45425,39680,42960,4158,9429,65535,0
408,390720,45677,39766,47863,50414,2784,7679,65535,0
409,391680,37670,32867,54737,56789,4102,8514,65535,0
410,392640,29081,25362,59678,61511,7997,11845,65535,0
411,393600,20687,17929,62238,64162,14119,17362,65535,0
412,394560,13249,11236,62181,64513,21915,24557,65535,0
413,395520,7440,5879,59510,62542,30682,32782,65535,0
414,396480,3788,2332,54464,58431,39627,41299,65535,0
415,397440,2626,909,47498,52551,47941,49348,65535,0
416,398400,4061,1736,39239,45425,54871,56211,65535,0
417,399360,7968,4742,30433,37689,59788,61275,65535,0
418,400320,13996,9662,21877,30035,62244,64080,65535,0
419,401280,21601,16062,14345,23151,62015,64368,65535,0
420,402240,30097,23368,8520,17662,59117,62102,65535,0
421,403200,38716,30922,4932,14071,53810,57477,65535,0
422,404160,46679,38038,3909,12714,46570,50904,65535,0
423,405120,53262,44063,5546,13723,38052,42975,65535,0
424,406080,57870,48443,9699,17013,29023,34414,65535,0
425,407040,60081,50773,15994,22286,20303,26003,65535,0
426,408000,59693,50837,23864,29061,12680,18515,65535,0
427,408960,56737,48630,32599,36717,6845,12634,65535,0
428,409920,51479,44356,41409,44552,3330,8898,65535,0
429,410880,44392,38410,49495,51852,2455,7641,65535,0
430,411840,36116,31337,56126,57955,4302,8970,65535,0
431,412800,27398,23782,60700,62312,8707,12758,65535,0
432,413760,19026,16427,62799,64535,15274,18654,65535,0
433,414720,11760,9934,62233,64432,23411,26120,65535,0
434,415680,6256,4883,59049,62018,32383,34483,65535,0
435,416640,3016,1723,53533,57514,41380,42992,65535,0
436,417600,2335,736,46180,51324,49588,50886,65535,0
437,418560,4277,2010,37654,44002,56263,57458,65535,0
438,419520,8670,5434,28724,36204,60800,62116,65535,0
439,420480,15120,10703,20199,28630,62786,64440,65535,0
440,421440,23045,17348,12850,21962,62037,64214,65535,0
441,422400,31730,24772,7343,16806,58618,61450,65535,0
442,423360,40390,32306,4179,13633,52836,56390,65535,0
443,424320,48242,39264,3648,12739,45209,49489,65535,0
444,425280,54574,45012,5800,14210,36428,41368,65535,0
445,426240,58811,49021,10444,17919,27284,32767,65535,0
446,427200,60567,50924,17163,23530,18604,24471,65535,0
447,428160,59680,50545,25352,30531,11176,17237,65535,0
448,429120,56228,47918,34270,38283,5671,11725,65535,0
449,430080,50519,43286,43112,46079,2592,8437,65535,0
450,431040,43068,37073,51077,53210,2219,7668,65535,0
451,432000,34547,29846,57445,59030,4589,9483,65535,0
452,432960,25726,22260,61636,63016,9490,13710,65535,0
453,433920,17403,15002,63270,64812,16483,19964,65535,0
454,434880,10330,8724,62196,64262,24936,27677,65535,0
455,435840,5149,3990,58508,61418,34086,36152,65535,0
456,436800,2331,1221,52537,56539,43108,44628,65535,0
457,437760,2133,666,44819,50064,51185,52345,65535,0
458,438720,4577,2375,36052,42573,57585,58609,65535,0
459,439680,9444,6197,27026,34739,61727,62856,65535,0
460,440640,16296,11790,18558,27267,63235,64700,65535,0
461,441600,24518,18655,11415,20831,61968,63972,65535,0
462,442560,33366,26172,6243,16015,58038,60729,65535,0
463,443520,42041,33664,3514,13260,51797,55261,65535,0
464,444480,49759,40449,3476,12820,43807,48058,65535,0
465,445440,55819,45910,6138,14740,34788,39771,65535,0
466,446400,59672,49547,11261,18850,25555,31154,65535,0
467,447360,60967,51027,18384,24776,16943,22990,65535,0
468,448320,59583,50213,26867,31982,9732,16023,65535,0
469,449280,55642,47182,35942,39810,4575,10888,65535,0
470,450240,49498,42208,44790,47549,1942,8049,65535,0
471,451200,41705,35746,52611,54496,2074,7763,65535,0
472,452160,32964,28384,58695,60023,4961,10052,65535,0
473,453120,24067,20788,62490,63632,10346,14704,65535,0
474,454080,15816,13645,63652,65001,17744,21295,65535,0
475,455040,8959,7597,62071,64009,26489,29230,65535,0
476,456000,4118,3189,57888,60748,35792,37792,65535,0
477,456960,1732,815,51478,55514,44811,46211,65535,0
478,457920,2020,688,43418,48777,52732,53729,65535,0
479,458880,4959,2821,34435,41142,58837,59671,65535,0
480,459840,10287,7023,25339,33297,62571,63500,65535,0
481,460800,17524,12918,16954,25947,63594,64868,65535,0
482,461760,26019,19977,10038,19758,61811,63648,65535,0
483,462720,35005,27564,5218,15291,57379,59946,65535,0
484,463680,43669,34993,2933,12953,50696,54092,65535,0
485,464640,51229,41590,3393,12960,42363,46613,65535,0
486,465600,56998,46755,6558,15315,33132,38185,65535,0
487,466560,60454,50016,12147,19808,23838,29573,65535,0
488,467520,61281,51076,19656,26031,15319,21560,65535,0
489,468480,59401,49838,28409,33420,8347,14874,65535,0
490,469440,54981,46414,37616,41305,3556,10122,65535,0
491,470400,48418,41115,46444,48968,1379,7735,65535,0
492,471360,40302,34423,54096,55716,2018,7927,65535,0
493,472320,31367,26946,59877,60938,5417,10678,65535,0
494,473280,22418,19359,63263,64165,11273,15738,65535,0
495,474240,14265,12349,63946,65106,19058,22647,65535,0
496,475200,7645,6546,61860,63680,28071,30781,65535,0
497,476160,3160,2473,57191,60016,37499,39405,65535,0
498,477120,1216,496,50358,54444,46490,47742,65535,0
499,478080,1993,793,41976,47467,54231,55043,65535,0
500,479040,5423,3338,32802,39713,60019,60650,65535,0
501,480000,11199,7903,23663,31879,63331,64054,65535,0
502,480960,18803,14080,15386,24672,63864,64948,65535,0
503,481920,27548,21311,8719,18744,61565,63248,65535,0
504,482880,36645,28945,4268,14632,56641,59102,65535,0
505,483840,45274,36292,2438,12712,49532,52884,65535,0
506,484800,52652,42685,3397,13160,40879,45153,65535,0
507,485760,58112,47545,7061,15938,31462,36608,65535,0
508,486720,61157,50427,13103,20797,22131,28025,65535,0
509,487680,61510,51070,20979,27297,13732,20181,65535,0
510,488640,59136,49415,29979,34850,7022,13788,65535,0
511,489600,54245,45610,39292,42770,2612,9428,65535,0
512,490560,47278,40002,48074,50340,903,7493,65535,0
513,491520,38861,33099,55533,56873,2051,8159,65535,0
514,492480,29755,25527,60991,61781,5957,11363,65535,0
515,493440,20781,17969,63955,64619,12271,16815,65535,0
516,494400,12750,11109,64152,65134,20424,24021,65535,0
517,495360,6389,5565,61562,63280,29681,32330,65535,0
518,496320,2276,1836,56416,59224,39208,40992,65535,0
519,497280,785,259,49177,53334,48144,49226,65535,0
520,498240,2052,975,40495,46139,55680,56291,65535,0
521,499200,5968,3922,31154,38287,61133,61549,65535,0
522,500160,12180,8835,21998,30487,64009,64524,65535,0
523,501120,20131,15272,13854,23441,64044,64946,65535,0
524,502080,29104,22653,7459,17788,61232,62774,65535,0
525,503040,38288,30313,3394,14040,55824,58202,65535,0
526,504000,46854,37559,2028,12538,48306,51640,65535,0
527,504960,54028,43734,3488,13420,39354,43680,65535,0
528,505920,59159,48279,7646,16610,29776,35042,65535,0
529,506880,61781,50778,14128,21820,20437,26508,65535,0
530,507840,61654,51006,22352,28578,12182,18851,65535,0
531,508800,58786,48941,31576,36274,5757,12766,65535,0
532,509760,53434,44769,40968,44210,1746,8805,65535,0
533,510720,46079,38868,49679,51667,513,7325,65535,0
534,511680,37382,31772,56921,57971,2174,8460,65535,0
535,512640,28129,24124,62038,62552,6581,12107,65535,0
536,513600,19155,16615,64565,64998,13339,17935,65535,0
537,514560,11272,9923,64270,65086,21841,25417,65535,0
538,515520,5192,4651,61179,62811,31319,33878,65535,0
539,516480,1467,1275,55565,58378,40918,42554,65535,0
540,517440,437,99,47935,52186,49772,50664,65535,0
541,518400,2198,1231,38975,44794,57079,57474,65535,0
542,519360,6593,4568,29493,36867,62177,62371,65535,0
543,520320,13229,9812,20345,29121,64603,64911,65535,0
544,521280,21509,16491,12360,22255,64135,64863,65535,0
545,522240,30685,24001,6258,16891,60811,62229,65535,0
546,523200,39931,31667,2595,13513,54930,57246,65535,0
547,524160,48410,38793,1703,12430,47018,50360,65535,0
548,525120,55356,44735,3667,13742,37790,42194,65535,0
549,526080,60139,48955,8312,17332,28077,33485,65535,0
550,527040,62324,51068,15222,22877,18757,25022,65535,0
551,528000,61711,50883,23775,29875,10671,17571,65535,0
552,528960,58353,48415,33199,37694,4553,11808,65535,0
553,529920,52549,43888,42644,45625,957,8253,65535,0
554,530880,44821,37710,51257,52952,212,7230,65535,0
555,531840,35866,30441,58259,59011,2387,8830,65535,0
556,532800,26492,22737,63014,63256,7289,12908,65535,0
557,533760,17544,15295,65092,65302,14478,19096,65535,0
558,534720,9832,8787,64300,64966,23308,26834,65535,0
559,535680,4054,3801,60708,62278,32982,35425,65535,0
560,536640,734,785,54637,57479,42627,44093,65535,0
561,537600,175,13,46633,51004,51372,52055,65535,0
562,538560,2431,1555,37416,43435,58426,58594,65535,0
563,539520,7300,5274,27819,35455,63149,63118,65535,0
564,540480,14346,10833,18707,27785,65112,65218,65535,0
565,541440,22935,17734,10905,21116,64135,64702,65535,0
566,542400,32292,25353,5119,16052,60302,61616,65535,0
567,543360,41573,33003,1874,13053,53957,56236,65535,0
568,544320,49939,39992,1466,12390,45670,49046,65535,0
569,545280,56633,45687,3935,14126,36188,40696,65535,0
570,546240,61049,49572,9061,18106,26366,31939,65535,0
571,547200,62785,51295,16385,23970,17091,23569,65535,0
572,548160,61681,50699,25246,31188,9202,16342,65535,0
573,549120,57834,47836,34846,39110,3413,10914,65535,0
574,550080,51588,42965,44318,47017,249,7775,65535,0
575,551040,43506,36527,52807,54194,0,7209,65535,0
576,552000,34314,29103,59545,59994,2690,9269,65535,0
577,552960,24843,21364,63920,63892,8080,13767,65535,0
578,553920,15948,14009,65535,65535,15687,20298,65535,0
579,554880,8433,7702,64241,64775,24824,28273,65535,0
580,555840,2978,3014,60151,61680,34670,36970,65535,0
581,556800,79,366,53633,56530,44333,45606,65535,0
582,557760,0,0,45272,49789,52943,53401,65535,0
583,558720,2751,1948,35822,42064,59719,59650,65535,0
584,559680,8087,6036,26135,34052,64047,63790,65535,0
585,560640,15530,11896,17086,26477,65535,65446,65535,0
586,561600,24408,19000,9493,20023,64043,64465,65535,0
587,562560,33921,26707,4044,15274,59704,60935,65535,0
588,563520,43211,34321,1233,12659,52907,55174,65535,65535
589,564480,51438,41154,1317,12417,44263,47699,65535,65535
590,565440,57857,46588,4292,14572,34550,39187,65535,65535
591,566400,58586,47851,6552,16617,32544,36271,65535,65535
592,567360,54841,44205,9799,19085,32544,36271,65535,65535
593,568320,48377,38225,16485,24238,32544,36271,65535,65535
594,569280,42058,33116,23328,29843,32544,36271,65535,65535
595,570240,34738,27165,31008,35297,32544,36271,65535,65535
596,571200,31331,25606,33316,38945,32544,36271,65535,65535
597,572160,31331,25606,33316,38945,32544,36271,65535,65535
598,573120,31331,25606,33316,38945,32544,36271,65535,65535
599,574080,31331,25606,33316,38945,32544,36271,65535,65535
600,575040,31331,25606,33316,38945,32544,36271,65535,65535
601,576000,31331,25606,33316,38945,32544,36271,65535,65535
602,576960,31331,25606,33316,38945,32544,36271,65535,65535
603,577920,31331,25606,33316,38945,32544,36271,65535,65535
604,578880,31331,25606,33316,38945,32544,36271,65535,65535
605,579840,31331,25606,33316,38945,32544,36271,65535,65535
606,580800,31331,25606,33316,38945,32544,36271,65535,65535
607,581760,31331,25606,33316,38945,32544,36271,65535,65535
608,582720,31331,25606,33316,38945,32544,36271,65535,65535
609,583680,31331,25606,33316,38945,32544,36271,65535,65535
610,584640,31331,25606,33316,38945,32544,36271,65535,65535
611,585600,31331,25606,33316,38945,32544,36271,65535,65535
612,586560,31331,25606,33316,38945,32544,36271,65535,65535
613,587520,31331,25606,33316,38945,32544,36271,65535,65535
614,588480,31331,25606,33316,38945,32544,36271,65535,65535
615,589440,31331,25606,33316,38945,32544,36271,65535,65535
616,590400,31331,25606,33316,38945,32544,36271,65535,65535
617,591360,31331,25606,33316,38945,32544,36271,65535,65535
618,592320,31331,25606,33316,38945,32544,36271,65535,65535
619,593280,31331,25606,33316,38945,32544,36271,65535,65535
620,594240,31331,25606,33316,38945,32544,36271,65535,65535
621,595200,31331,25606,33316,38945,32544,36271,65535,65535
622,596160,31331,25606,33316,38945,32544,36271,65535,65535
623,597120,31331,25606,33316,38945,32544,36271,65535,65535
624,598080,31331,25606,33316,38945,32544,36271,65535,65535
625,599040,31331,25606,33316,38945,32544,36271,65535,65535
626,600000,31331,25606,33316,38945,32544,36271,65535,65535
627,600960,31331,25606,33316,38945,32544,36271,65535,65535
628,601920,31331,25606,33316,38945,32544,36271,65535,65535
629,602880,31331,25606,33316,38945,32544,36271,65535,65535
630,603840,31331,25606,33316,38945,32544,36271,65535,65535
631,604800,31331,25606,33316,38945,32544,36271,65535,65535
632,605760,31331,25606,33316,38945,32544,36271,65535,65535
633,606720,31331,25606,33316,38945,32544,36271,65535,65535
634,607680,31331,25606,33316,38945,32544,36271,65535,65535
635,608640,31331,25606,33316,38945,32544,36271,65535,65535
636,609600,31331,25606,33316,38945,32544,36271,65535,65535
637,610560,31331,25606,33316,38945,32544,36271,65535,65535
638,611520,31331,25606,33316,38945,32544,36271,65535,65535
639,612480,31331,25606,33316,38945,32544,36271,65535,65535
640,613440,31331,25606,33316,38945,32544,36271,65535,65535
641,614400,31331,25606,33316,38945,32544,36271,65535,65535
642,615360,31331,25606,33316,38945,32544,36271,65535,65535
643,616320,31331,25606,33316,38945,32544,36271,65535,65535
644,617280,31331,25606,33316,38945,32544,36271,65535,65535
645,618240,31331,25606,33316,38945,32544,36271,65535,65535
646,619200,31331,25606,33316,38945,32544,36271,65535,65535
647,620160,31331,25606,33316,38945,32544,36271,65535,65535
648,621120,31331,25606,33316,38945,32544,36271,65535,65535
649,622080,31331,25606,33316,38945,32544,36271,65535,65535
650,623040,31331,25606,33316,38945,32544,36271,65535,65535
651,624000,31331,25606,33316,38945,32544,36271,65535,65535
652,624960,31331,25606,33316,38945,32544,36271,65535,65535
653,625920,31331,25606,33316,38945,32544,36271,65535,65535
654,626880,31331,25606,33316,38945,32544,36271,65535,65535
655,627840,31331,25606,33316,38945,32544,36271,65535,65535
656,628800,31331,25606,33316,38945,32544,36271,65535,65535
657,629760,31331,25606,33316,38945,32544,36271,65535,65535
658,630720,31331,25606,33316,38945,32544,36271,65535,65535
659,631680,31331,25606,33316,38945,32544,36271,65535,65535
660,632640,31331,25606,33316,38945,32544,36271,65535,65535
661,633600,31331,25606,33316,38945,32544,36271,65535,65535
662,634560,31331,25606,33316,38945,32544,36271,65535,65535
663,635520,31331,25606,33316,38945,32544,36271,65535,65535
664,636480,31331,25606,33316,38945,32544,36271,65535,65535
665,637440,31331,25606,33316,38945,32544,36271,65535,65535
666,638400,31331,25606,33316,38945,32544,36271,65535,65535
667,639360,31331,25606,33316,38945,32544,36271,65535,65535
668,640320,31331,25606,33316,38945,32544,36271,65535,65535
669,641280,31331,25606,33316,38945,32544,36271,65535,65535
670,642240,31331,25606,33316,38945,32544,36271,65535,65535
671,643200,31331,25606,33316,38945,32544,36271,65535,65535
672,644160,31331,25606,33316,38945,32544,36271,65535,65535
673,645120,31331,25606,33316,38945,32544,36271,65535,65535
674,646080,31331,25606,33316,38945,32544,36271,65535,65535
675,647040,31331,25606,33316,38945,32544,36271,65535,65535
676,648000,31331,25606,33316,38945,32544,36271,65535,65535
677,648960,31331,25606,33316,38945,32544,36271,65535,65535
678,649920,31331,25606,33316,38945,32544,36271,65535,65535
679,650880,31331,25606,33316,38945,32544,36271,65535,65535
680,651840,31331,25606,33316,38945,32544,36271,65535,65535
681,652800,31331,25606,33316,38945,32544,36271,65535,65535
682,653760,31331,25606,33316,38945,32544,36271,65535,65535
683,654720,31331,25606,33316,38945,32544,36271,65535,65535
684,655680,31331,25606,33316,38945,32544,36271,65535,65535
685,656640,31331,25606,33316,38945,32544,36271,65535,65535
686,657600,31331,25606,33316,38945,32544,36271,65535,65535
687,658560,31331,25606,33316,38945,32544,36271,65535,65535
688,659520,31331,25606,33316,38945,32544,36271,65535,65535
689,660480,31331,25606,33316,38945,32544,36271,65535,65535
690,661440,31331,25606,33316,38945,32544,36271,65535,65535
691,662400,31331,25606,33316,38945,32544,36271,65535,65535
692,663360,31331,25606,33316,38945,32544,36271,65535,65535
693,664320,31331,25606,33316,38945,32544,36271,65535,65535
694,665280,31331,25606,33316,38945,32544,36271,65535,65535
695,666240,31331,25606,33316,38945,32544,36271,65535,65535
696,667200,31331,25606,33316,38945,32544,36271,65535,65535
697,668160,31331,25606,33316,38945,32544,36271,65535,65535
698,669120,31331,25606,33316,38945,32544,36271,65535,65535
699,670080,31331,25606,33316,38945,32544,36271,65535,65535
700,671040,31331,25606,33316,38945,32544,36271,65535,65535
701,672000,31331,25606,33316,38945,32544,36271,65535,65535
702,672960,31331,25606,33316,38945,32544,36271,65535,65535
703,673920,31331,25606,33316,38945,32544,36271,65535,65535
704,674880,31331,25606,33316,38945,32544,36271,65535,65535
705,675840,31331,25606,33316,38945,32544,36271,65535,65535
706,676800,31331,25606,33316,38945,32544,36271,65535,65535
707,677760,31331,25606,33316,38945,32544,36271,65535,65535
708,678720,31331,25606,33316,38945,32544,36271,65535,65535
709,679680,31331,25606,33316,38945,32544,36271,65535,65535
710,680640,31331,25606,33316,38945,32544,36271,65535,65535
711,681600,31331,25606,33316,38945,32544,36271,65535,65535
712,682560,31331,25606,33316,38945,32544,36271,65535,65535
713,683520,31331,25606,33316,38945,32544,36271,65535,65535
714,684480,31331,25606,33316,38945,32544,36271,65535,65535
715,685440,31331,25606,33316,38945,32544,36271,65535,65535
716,686400,31331,25606,33316,38945,32544,36271,65535,65535
717,687360,31331,25606,33316,38945,32544,36271,65535,65535
718,688320,31331,25606,33316,38945,32544,36271,65535,65535
719,689280,31331,25606,33316,38945,32544,36271,65535,65535
720,690240,31331,25606,33316,38945,32544,36271,65535,65535
721,691200,31331,25606,33316,38945,32544,36271,65535,65535
722,692160,31331,25606,33316,38945,32544,36271,65535,65535
723,693120,31331,25606,33316,38945,32544,36271,65535,65535
724,694080,31331,25606,33316,38945,32544,36271,65535,65535
725,695040,31331,25606,33316,38945,32544,36271,65535,65535
726,696000,31331,25606,33316,38945,32544,36271,65535,65535
727,696960,31331,25606,33316,38945,32544,36271,65535,65535
728,697920,31331,25606,33316,38945,32544,36271,65535,65535
729,698880,31331,25606,33316,38945,32544,36271,65535,65535
730,699840,31331,25606,33316,38945,32544,36271,65535,65535
731,700800,31331,25606,33316,38945,32544,36271,65535,65535
732,701760,31331,25606,33316,38945,32544,36271,65535,65535
733,702720,31331,25606,33316,38945,32544,36271,65535,65535
734,703680,31331,25606,33316,38945,32544,36271,65535,65535
735,704640,31331,25606,33316,38945,32544,36271,65535,65535
736,705600,31331,25606,33316,38945,32544,36271,65535,65535
737,706560,31331,25606,33316,38945,32544,36271,65535,65535
738,707520,31331,25606,33316,38945,32544,36271,65535,65535
739,708480,31331,25606,33316,38945,32544,36271,65535,65535
740,709440,31331,25606,33316,38945,32544,36271,65535,65535
741,710400,31331,25606,33316,38945,32544,36271,65535,65535
742,711360,31331,25606,33316,38945,32544,36271,65535,65535
743,712320,31331,25606,33316,38945,32544,36271,65535,65535
744,713280,31331,25606,33316,38945,32544,36271,65535,65535
745,714240,31331,25606,33316,38945,32544,36271,65535,65535
746,715200,31331,25606,33316,38945,32544,36271,65535,65535
747,716160,31331,25606,33316,38945,32544,36271,65535,65535
748,717120,31331,25606,33316,38945,32544,36271,65535,65535
749,718080,31331,25606,33316,38945,32544,36271,65535,65535
750,719040,31331,25606,33316,38945,32544,36271,65535,65535
751,720000,31331,25606,33316,38945,32544,36271,65535,65535
752,720960,31331,25606,33316,38945,32544,36271,65535,65535
753,721920,31331,25606,33316,38945,32544,36271,65535,65535
754,722880,31331,25606,33316,38945,32544,36271,65535,65535
755,723840,31331,25606,33316,38945,32544,36271,65535,65535
756,724800,31331,25606,33316,38945,32544,36271,65535,65535
757,725760,31331,25606,33316,38945,32544,36271,65535,65535
758,726720,31331,25606,33316,38945,32544,36271,65535,65535
759,727680,31331,25606,33316,38945,32544,36271,65535,65535
760,728640,31331,25606,33316,38945,32544,36271,65535,65535
761,729600,31331,25606,33316,38945,32544,36271,65535,65535
762,730560,31331,25606,33316,38945,32544,36271,65535,65535
763,731520,31331,25606,33316,38945,32544,36271,65535,65535
764,732480,31331,25606,33316,38945,32544,36271,65535,65535
765,733440,31331,25606,33316,38945,32544,36271,65535,65535
766,734400,31331,25606,33316,38945,32544,36271,65535,65535
767,735360,31331,25606,33316,38945,32544,36271,65535,65535
768,736320,31331,25606,33316,38945,32544,36271,65535,65535
769,737280,31331,25606,33316,38945,32544,36271,65535,65535
770,738240,31331,25606,33316,38945,32544,36271,65535,65535
771,739200,31331,25606,33316,38945,32544,36271,65535,65535
772,740160,31331,25606,33316,38945,32544,36271,65535,65535
773,741120,31331,25606,33316,38945,32544,36271,65535,65535
774,742080,31331,25606,33316,38945,32544,36271,65535,65535
775,743040,31331,25606,33316,38945,32544,36271,65535,65535
776,744000,31331,25606,33316,38945,32544,36271,65535,65535
777,744960,31331,25606,33316,38945,32544,36271,65535,65535
778,745920,31331,25606,33316,38945,32544,36271,65535,65535
779,746880,31331,25606,33316,38945,32544,36271,65535,65535
780,747840,31331,25606,33316,38945,32544,36271,65535,65535
781,748800,31331,25606,33316,38945,32544,36271,65535,65535
782,749760,31331,25606,33316,38945,32544,36271,65535,65535
783,750720,31331,25606,33316,38945,32544,36271,65535,65535
784,751680,31331,25606,33316,38945,32544,36271,65535,65535
785,752640,31331,25606,33316,38945,32544,36271,65535,65535
786,753600,31331,25606,33316,38945,32544,36271,65535,65535
787,754560,31331,25606,33316,38945,32544,36271,65535,65535
788,755520,31331,25606,33316,38945,32544,36271,65535,65535
789,756480,31331,25606,33316,38945,32544,36271,65535,65535
790,757440,31331,25606,33316,38945,32544,36271,65535,65535
791,758400,31331,25606,33316,38945,32544,36271,65535,65535
792,759360,31331,25606,33316,38945,32544,36271,65535,65535
793,760320,31331,25606,33316,38945,32544,36271,65535,65535
794,761280,31331,25606,33316,38945,32544,36271,65535,65535
795,762240,31331,25606,33316,38945,32544,36271,65535,65535
796,763200,31331,25606,33316,38945,32544,36271,65535,65535
797,764160,31331,25606,33316,38945,32544,36271,65535,65535
798,765120,31331,25606,33316,38945,32544,36271,65535,65535
799,766080,31331,25606,33316,38945,32544,36271,65535,65535
800,767040,31331,25606,33316,38945,32544,36271,65535,65535
801,768000,31331,25606,33316,38945,32544,36271,65535,65535
802,768960,31331,25606,33316,38945,32544,36271,65535,65535
803,769920,31331,25606,33316,38945,32544,36271,65535,65535
804,770880,31331,25606,33316,38945,32544,36271,65535,65535
805,771840,31331,25606,33316,38945,32544,36271,65535,65535
806,772800,31331,25606,33316,38945,32544,36271,65535,65535
807,773760,31331,25606,33316,38945,32544,36271,65535,65535
808,774720,31331,25606,33316,38945,32544,36271,65535,65535
809,775680,31331,25606,33316,38945,32544,36271,65535,65535
810,776640,31331,25606,33316,38945,32544,36271,65535,65535
811,777600,31331,25606,33316,38945,32544,36271,65535,65535
812,778560,31331,25606,33316,38945,32544,36271,65535,65535
813,779520,31331,25606,33316,38945,32544,36271,65535,65535
814,780480,31331,25606,33316,38945,32544,36271,65535,65535
815,781440,31331,25606,33316,38945,32544,36271,65535,65535
816,782400,31331,25606,33316,38945,32544,36271,65535,65535
817,783360,31331,25606,33316,38945,32544,36271,65535,65535
818,784320,31331,25606,33316,38945,32544,36271,65535,65535
819,785280,31331,25606,33316,38945,32544,36271,65535,65535
820,786240,31331,25606,33316,38945,32544,36271,65535,65535
821,787200,31331,25606,33316,38945,32544,36271,65535,65535
822,788160,31331,25606,33316,38945,32544,36271,65535,65535
823,789120,31331,25606,33316,38945,32544,36271,65535,65535
824,790080,31331,25606,33316,38945,32544,36271,65535,65535
825,791040,31331,25606,33316,38945,32544,36271,65535,65535
826,792000,31331,25606,33316,38945,32544,36271,65535,65535
827,792960,31331,25606,33316,38945,32544,36271,65535,65535
828,793920,31331,25606,33316,38945,32544,36271,65535,65535
829,794880,31331,25606,33316,38945,32544,36271,65535,65535
830,795840,31331,25606,33316,38945,32544,36271,65535,65535
831,796800,31331,25606,33316,38945,32544,36271,65535,65535
832,797760,31331,25606,33316,38945,32544,36271,65535,65535
833,798720,31331,25606,33316,38945,32544,36271,65535,65535
834,799680,31331,25606,33316,38945,32544,36271,65535,65535
835,800640,31331,25606,33316,38945,32544,36271,65535,65535
836,801600,31331,25606,33316,38945,32544,36271,65535,65535
837,802560,31331,25606,33316,38945,32544,36271,65535,65535
838,803520,31331,25606,33316,38945,32544,36271,65535,65535
839,804480,31331,25606,33316,38945,32544,36271,65535,65535
840,805440,31331,25606,33316,38945,32544,36271,65535,65535
841,806400,31331,25606,33316,38945,32544,36271,65535,65535
842,807360,31331,25606,33316,38945,32544,36271,65535,65535
843,808320,31331,25606,33316,38945,32544,36271,65535,65535
844,809280,31331,25606,33316,38945,32544,36271,65535,65535
845,810240,31331,25606,33316,38945,32544,36271,65535,65535
846,811200,31331,25606,33316,38945,32544,36271,65535,65535
847,812160,31331,25606,33316,38945,32544,36271,65535,65535
848,813120,31331,25606,33316,38945,32544,36271,65535,65535
849,814080,31331,25606,33316,38945,32544,36271,65535,65535
850,815040,31331,25606,33316,38945,32544,36271,65535,65535
851,816000,31331,25606,33316,38945,32544,36271,65535,65535
852,816960,31331,25606,33316,38945,32544,36271,65535,65535
853,817920,31331,25606,33316,38945,32544,36271,65535,65535
854,818880,31331,25606,33316,38945,32544,36271,65535,65535
855,819840,31331,25606,33316,38945,32544,36271,65535,65535
856,820800,31331,25606,33316,38945,32544,36271,65535,65535
857,821760,31331,25606,33316,38945,32544,36271,65535,65535
858,822720,31331,25606,33316,38945,32544,36271,65535,65535
859,823680,31331,25606,33316,38945,32544,36271,65535,65535
860,824640,31331,25606,33316,38945,32544,36271,65535,65535
861,825600,31331,25606,33316,38945,32544,36271,65535,65535
862,826560,31331,25606,33316,38945,32544,36271,65535,65535
863,827520,31331,25606,33316,38945,32544,36271,65535,65535
864,828480,31331,25606,33316,38945,32544,36271,65535,65535
865,829440,31331,25606,33316,38945,32544,36271,65535,65535
866,830400,31331,25606,33316,38945,32544,36271,65535,65535
867,831360,31331,25606,33316,38945,32544,36271,65535,65535
868,832320,31331,25606,33316,38945,32544,36271,65535,65535
869,833280,31331,25606,33316,38945,32544,36271,65535,65535
870,834240,31331,25606,33316,38945,32544,36271,65535,65535
871,835200,31331,25606,33316,38945,32544,36271,65535,65535
872,836160,31331,25606,33316,38945,32544,36271,65535,65535
873,837120,31331,25606,33316,38945,32544,36271,65535,65535
874,838080,31331,25606,33316,38945,32544,36271,65535,65535
875,839040,31331,25606,33316,38945,32544,36271,65535,65535
876,840000,31331,25606,33316,38945,32544,36271,65535,65535
877,840960,31331,25606,33316,38945,32544,36271,65535,65535
878,841920,31331,25606,33316,38945,32544,36271,65535,65535
879,842880,31331,25606,33316,38945,32544,36271,65535,65535
880,843840,31331,25606,33316,38945,32544,36271,65535,65535
881,844800,31331,25606,33316,38945,32544,36271,65535,65535
882,845760,31331,25606,33316,38945,32544,36271,65535,65535
883,846720,31331,25606,33316,38945,32544,36271,65535,65535
884,847680,31331,25606,33316,38945,32544,36271,65535,65535
885,848640,31331,25606,33316,38945,32544,36271,65535,65535
886,849600,31331,25606,33316,38945,32544,36271,65535,65535
887,850560,31331,25606,33316,38945,32544,36271,65535,65535
888,851520,31331,25606,33316,38945,32544,36271,65535,65535
889,852480,31331,25606,33316,38945,32544,36271,65535,65535
890,853440,31331,25606,33316,38945,32544,36271,65535,65535
891,854400,31331,25606,33316,38945,32544,36271,65535,65535
892,855360,31331,25606,33316,38945,32544,36271,65535,65535
893,856320,31331,25606,33316,38945,32544,36271,65535,65535
894,857280,31331,25606,33316,38945,32544,36271,65535,65535
895,858240,31331,25606,33316,38945,32544,36271,65535,65535
896,859200,31331,25606,33316,38945,32544,36271,65535,65535
897,860160,31331,25606,33316,38945,32544,36271,65535,65535
898,861120,31331,25606,33316,38945,32544,36271,65535,65535
899,862080,31331,25606,33316,38945,32544,36271,65535,65535
900,863040,31331,25606,33316,38945,32544,36271,65535,65535
901,864000,31331,25606,33316,38945,32544,36271,65535,65535
902,864960,31331,25606,33316,38945,32544,36271,65535,65535
903,865920,31331,25606,33316,38945,32544,36271,65535,65535
904,866880,31331,25606,33316,38945,32544,36271,65535,65535
905,867840,31331,25606,33316,38945,32544,36271,65535,65535
906,868800,31331,25606,33316,38945,32544,36271,65535,65535
907,869760,31331,25606,33316,38945,32544,36271,65535,65535
908,870720,31331,25606,33316,38945,32544,36271,65535,65535
909,871680,31331,25606,33316,38945,32544,36271,65535,65535
910,872640,31331,25606,33316,38945,32544,36271,65535,65535
911,873600,31331,25606,33316,38945,32544,36271,65535,65535
912,874560,31331,25606,33316,38945,32544,36271,65535,65535
913,875520,31331,25606,33316,38945,32544,36271,65535,65535
914,876480,31331,25606,33316,38945,32544,36271,65535,65535
915,877440,31331,25606,33316,38945,32544,36271,65535,65535
916,878400,31331,25606,33316,38945,32544,36271,65535,65535
917,879360,31331,25606,33316,38945,32544,36271,65535,65535
918,880320,31331,25606,33316,38945,32544,36271,65535,65535
919,881280,31331,25606,33316,38945,32544,36271,65535,65535
920,882240,31331,25606,33316,38945,32544,36271,65535,65535
921,883200,31331,25606,33316,38945,32544,36271,65535,65535
922,884160,31331,25606,33316,38945,32544,36271,65535,65535
923,885120,31331,25606,33316,38945,32544,36271,65535,65535
924,886080,31331,25606,33316,38945,32544,36271,65535,65535
925,887040,31331,25606,33316,38945,32544,36271,65535,65535
926,888000,31331,25606,33316,38945,32544,36271,65535,65535
927,888960,31331,25606,33316,38945,32544,36271,65535,65535
928,889920,31331,25606,33316,38945,32544,36271,65535,65535
929,890880,31331,25606,33316,38945,32544,36271,65535,65535
930,891840,31331,25606,33316,38945,32544,36271,65535,65535
931,892800,31331,25606,33316,38945,32544,36271,65535,65535
932,893760,31331,25606,33316,38945,32544,36271,65535,65535
933,894720,31331,25606,33316,38945,32544,36271,65535,65535
934,895680,31331,25606,33316,38945,32544,36271,65535,65535
935,896640,31331,25606,33316,38945,32544,36271,65535,65535
936,897600,31331,25606,33316,38945,32544,36271,65535,65535
937,898560,31331,25606,33316,38945,32544,36271,65535,65535
938,899520,31331,25606,33316,38945,32544,36271,65535,65535
939,900480,31331,25606,33316,38945,32544,36271,65535,65535
940,901440,31331,25606,33316,38945,32544,36271,65535,65535
941,902400,31331,25606,33316,38945,32544,36271,65535,65535
942,903360,31331,25606,33316,38945,32544,36271,65535,65535
943,904320,31331,25606,33316,38945,32544,36271,65535,65535
944,905280,31331,25606,33316,38945,32544,36271,65535,65535
945,906240,31331,25606,33316,38945,32544,36271,65535,65535
946,907200,31331,25606,33316,38945,32544,36271,65535,65535
947,908160,31331,25606,33316,38945,32544,36271,65535,65535
948,909120,31331,25606,33316,38945,32544,36271,65535,65535
949,910080,31331,25606,33316,38945,32544,36271,65535,65535
950,911040,31331,25606,33316,38945,32544,36271,65535,65535
951,912000,31331,25606,33316,38945,32544,36271,65535,65535
952,912960,31331,25606,33316,38945,32544,36271,65535,65535
953,913920,31331,25606,33316,38945,32544,36271,65535,65535
954,914880,31331,25606,33316,38945,32544,36271,65535,65535
955,915840,31331,25606,33316,38945,32544,36271,65535,65535
956,916800,31331,25606,33316,38945,32544,36271,65535,65535
957,917760,31331,25606,33316,38945,32544,36271,65535,65535
958,918720,31331,25606,33316,38945,32544,36271,65535,65535
959,919680,31331,25606,33316,38945,32544,36271,65535,65535
960,920640,31331,25606,33316,38945,32544,36271,65535,65535
961,921600,31331,25606,33316,38945,32544,36271,65535,65535
962,922560,31331,25606,33316,38945,32544,36271,65535,65535
963,923520,31331,25606,33316,38945,32544,36271,65535,65535
964,924480,31331,25606,33316,38945,32544,36271,65535,65535
965,925440,31331,25606,33316,38945,32544,36271,65535,65535
966,926400,31331,25606,33316,38945,32544,36271,65535,65535
967,927360,31331,25606,33316,38945,32544,36271,65535,65535
968,928320,31331,25606,33316,38945,32544,36271,65535,65535
969,929280,31331,25606,33316,38945,32544,36271,65535,65535
970,930240,31331,25606,33316,38945,32544,36271,65535,65535
971,931200,31331,25606,33316,38945,32544,36271,65535,65535
972,932160,31331,25606,33316,38945,32544,36271,65535,65535
973,933120,31331,25606,33316,38945,32544,36271,65535,65535
974,934080,31331,25606,33316,38945,32544,36271,65535,65535
975,935040,31331,25606,33316,38945,32544,36271,65535,65535
976,936000,31331,25606,33316,38945,32544,36271,65535,65535
977,936960,31331,25606,33316,38945,32544,36271,65535,65535
978,937920,31331,25606,33316,38945,32544,36271,65535,65535
979,938880,31331,25606,33316,38945,32544,36271,65535,65535
980,939840,31331,25606,33316,38945,32544,36271,65535,65535
981,940800,31331,25606,33316,38945,32544,36271,65535,65535
982,941760,31331,25606,33316,38945,32544,36271,65535,65535
983,942720,31331,25606,33316,38945,32544,36271,65535,65535
984,943680,31331,25606,33316,38945,32544,36271,65535,65535
985,944640,31331,25606,33316,38945,32544,36271,65535,65535
986,945600,31331,25606,33316,38945,32544,36271,65535,65535
987,946560,31331,25606,33316,38945,32544,36271,65535,65535
988,947520,31331,25606,33316,38945,32544,36271,65535,65535
989,948480,31331,25606,33316,38945,32544,36271,65535,65535
990,949440,31331,25606,33316,38945,32544,36271,65535,65535
991,950400,31331,25606,33316,38945,32544,36271,65535,65535
992,951360,31331,25606,33316,38945,32544,36271,65535,65535
993,952320,31331,25606,33316,38945,32544,36271,65535,65535
994,953280,31331,25606,33316,38945,32544,36271,65535,65535
995,954240,31331,25606,33316,38945,32544,36271,65535,65535
996,955200,31331,25606,33316,38945,32544,36271,65535,65535
997,956160,31331,25606,33316,38945,32544,36271,65535,65535
998,957120,31331,25606,33316,38945,32544,36271,65535,65535
999,958080,31331,25606,33316,38945,32544,36271,65535,65535
1000,959040,31331,25606,33316,38945,32544,36271,65535,65535
1001,960000,31331,25606,33316,38945,32544,36271,65535,65535
1002,960960,31331,25606,33316,38945,32544,36271,65535,65535
1003,961920,31331,25606,33316,38945,32544,36271,65535,65535
1004,962880,31331,25606,33316,38945,32544,36271,65535,65535
1005,963840,31331,25606,33316,38945,32544,36271,65535,65535
1006,964800,31331,25606,33316,38945,32544,36271,65535,65535
1007,965760,31331,25606,33316,38945,32544,36271,65535,65535
1008,966720,31331,25606,33316,38945,32544,36271,65535,65535
1009,967680,31331,25606,33316,38945,32544,36271,65535,65535
1010,968640,31331,25606,33316,38945,32544,36271,65535,65535
1011,969600,31331,25606,33316,38945,32544,36271,65535,65535
1012,970560,31331,25606,33316,38945,32544,36271,65535,65535
1013,971520,31331,25606,33316,38945,32544,36271,65535,65535
1014,972480,31331,25606,33316,38945,32544,36271,65535,65535
1015,973440,31331,25606,33316,38945,32544,36271,65535,65535
1016,974400,31331,25606,33316,38945,32544,36271,65535,65535
1017,975360,31331,25606,33316,38945,32544,36271,65535,65535
1018,976320,31331,25606,33316,38945,32544,36271,65535,65535
1019,977280,31331,25606,33316,38945,32544,36271,65535,65535
1020,978240,31331,25606,33316,38945,32544,36271,65535,65535
1021,979200,31331,25606,33316,38945,32544,36271,65535,65535
1022,980160,31331,25606,33316,38945,32544,36271,65535,65535
1023,981120,31331,25606,33316,38945,32544,36271,65535,65535
1024,982080,31331,25606,33316,38945,32544,36271,65535,65535
1025,983040,31331,25606,33316,38945,32544,36271,65535,65535
1026,984000,31331,25606,33316,38945,32544,36271,65535,65535
1027,984960,31331,25606,33316,38945,32544,36271,65535,65535
1028,985920,31331,25606,33316,38945,32544,36271,65535,65535
1029,986880,31331,25606,33316,38945,32544,36271,65535,65535
1030,987840,31331,25606,33316,38945,32544,36271,65535,65535
1031,988800,31331,25606,33316,38945,32544,36271,65535,65535
1032,989760,31331,25606,33316,38945,32544,36271,65535,65535
1033,990720,31331,25606,33316,38945,32544,36271,65535,65535
1034,991680,31331,25606,33316,38945,32544,36271,65535,65535
1035,992640,31331,25606,33316,38945,32544,36271,65535,65535
1036,993600,31331,25606,33316,38945,32544,36271,65535,65535
1037,994560,31331,25606,33316,38945,32544,36271,65535,65535
1038,995520,31331,25606,33316,38945,32544,36271,65535,65535
1039,996480,31331,25606,33316,38945,32544,36271,65535,65535
1040,997440,31331,25606,33316,38945,32544,36271,65535,65535
1041,998400,31331,25606,33316,38945,32544,36271,65535,65535
1042,999360,31331,25606,33316,38945,32544,36271,65535,65535
