1,0,32472,38077,30864,22852,35833,39632,0,0
2,960,32319,38185,30438,23372,36408,38998,0,0
3,1920,32355,38072,29908,23993,36909,38466,0,0
4,2880,32575,37750,29324,24656,37289,38085,0,0
5,3840,32960,37248,28737,25303,37515,37890,0,0
6,4800,33474,36610,28200,25875,37567,37898,0,0
7,5760,34073,35894,27762,26321,37439,38108,0,0
8,6720,34701,35166,27462,26600,37143,38502,0,0
9,7680,35301,34490,27328,26687,36705,39043,0,0
10,8640,35821,33927,27372,26574,36167,39683,0,0
11,9600,36212,33530,27589,26271,35575,40365,0,0
12,10560,36439,33332,27960,25806,34983,41026,0,0
13,11520,36483,33353,28451,25221,34445,41607,0,0
14,12480,36338,33590,29019,24568,34010,42056,0,0
15,13440,36018,34022,29612,23907,33716,42332,0,0
16,14400,35553,34610,30176,23297,33590,42409,0,0
17,15360,34983,35300,30660,22793,33644,42282,0,0
18,16320,34360,36032,31022,22441,33873,41962,0,0
19,17280,33742,36737,31227,22272,34255,41476,0,0
20,18240,33182,37354,31258,22302,34757,40871,0,0
21,19200,32733,37826,31112,22528,35333,40199,0,0
22,20160,32434,38110,30802,22929,35931,39522,0,0
23,21120,32312,38181,30355,23470,36498,38900,0,0
24,22080,32379,38033,29814,24102,36981,38391,0,0
25,23040,32628,37678,29225,24767,37338,38039,0,0
26,24000,33038,37150,28642,25405,37536,37877,0,0
27,24960,33570,36494,28119,25960,37558,37919,0,0
28,25920,34177,35772,27701,26380,37400,38162,0,0
29,26880,34804,35048,27428,26628,37079,38583,0,0
30,27840,35395,34387,27323,26682,36621,39144,0,0
31,28800,35896,33849,27396,26536,36070,39796,0,0
32,29760,36262,33482,27640,26204,35475,40478,0,0
33,30720,36460,33320,28034,25716,34888,41130,0,0
34,31680,36471,33378,28542,25115,34364,41693,0,0
35,32640,36296,33649,29117,24457,33950,42115,0,0
36,33600,35950,34110,29709,23800,33683,42359,0,0
37,34560,35464,34719,30263,23204,33587,42402,0,0
38,35520,34881,35421,30730,22723,33670,42242,0,0
39,36480,34256,36153,31067,22399,33926,41891,0,0
40,37440,33643,36848,31245,22263,34331,41383,0,0
41,38400,33098,37444,31246,22326,34849,40762,0,0
42,39360,32671,37887,31071,22583,35433,40085,0,0
43,40320,32400,38137,30736,23011,36030,39413,0,0
44,41280,32310,38171,30271,23571,36586,38806,0,0
45,42240,32408,37987,29717,24212,37051,38320,0,0
46,43200,32686,37601,29126,24877,37383,37998,0,0
47,44160,33119,37048,28550,25505,37552,37870,0,0
48,45120,33667,36377,28041,26040,37544,37946,0,0
49,46080,34282,35650,27645,26434,37358,38220,0,0
50,47040,34907,34931,27398,26651,37011,38668,0,0
51,48000,35486,34287,27323,26671,36535,39248,0,0
52,48960,35967,33774,27425,26493,35973,39909,0,0
53,49920,36307,33440,27697,26132,35375,40591,0,0
54,50880,36475,33314,28112,25622,34795,41232,0,0
55,51840,36455,33408,28634,25008,34287,41774,0,0
56,52800,36250,33714,29216,24346,33895,42169,0,0
57,53760,35878,34203,29805,23695,33654,42380,0,0
58,54720,35372,34831,30348,23115,33588,42389,0,0
59,55680,34779,35543,30796,22657,33702,42196,0,0
60,56640,34151,36273,31109,22363,33984,41816,0,0
61,57600,33546,36956,31257,22260,34411,41285,0,0
62,58560,33018,37530,31229,22356,34943,40651,0,0
63,59520,32615,37943,31026,22644,35533,39971,0,0
64,60480,32372,38158,30666,23096,36126,39306,0,0
65,61440,32313,38156,30183,23674,36671,38716,0,0
66,62400,32443,37936,29620,24323,37116,38254,0,0
67,63360,32748,37519,29027,24986,37423,37963,0,0
68,64320,33203,36942,28459,25602,37564,37868,0,0
69,65280,33766,36258,27966,26117,37525,37979,0,0
70,66240,34387,35528,27593,26483,37310,38284,0,0
71,67200,35008,34817,27373,26668,36939,38757,0,0
72,68160,35574,34191,27328,26655,36446,39354,0,0
73,69120,36035,33705,27459,26445,35874,40023,0,0
74,70080,36348,33404,27757,26057,35275,40702,0,0
75,71040,36485,33315,28193,25526,34704,41330,0,0
76,72000,36433,33445,28729,24900,34212,41851,0,0
77,72960,36199,33783,29316,24235,33843,42217,0,0
78,73920,35801,34299,29901,23592,33631,42396,0,0
79,74880,35278,34946,30431,23029,33595,42371,0,0
80,75840,34675,35665,30859,22596,33737,42145,0,0
81,76800,34047,36392,31145,22332,34046,41737,0,0
82,77760,33451,37060,31265,22262,34494,41185,0,0
83,78720,32941,37611,31207,22391,35039,40539,0,0
84,79680,32562,37993,30976,22709,35633,39857,0,0
85,80640,32350,38173,30593,23185,36222,39200,0,0
86,81600,32322,38134,30094,23778,36753,38629,0,0
87,82560,32482,37880,29522,24434,37178,38193,0,0
88,83520,32815,37433,28929,25093,37459,37933,0,0
89,84480,33291,36834,28370,25696,37570,37872,0,0
90,85440,33867,36138,27894,26189,37501,38016,0,0
91,86400,34492,35406,27545,26527,37259,38352,0,0
92,87360,35108,34705,27353,26680,36865,38849,0,0
93,88320,35660,34099,27337,26633,36355,39462,0,0
94,89280,36098,33641,27498,26392,35775,40137,0,0
95,90240,36383,33374,27821,25977,35177,40812,0,0
96,91200,36489,33321,28276,25426,34615,41426,0,0
97,92160,36407,33488,28824,24790,34141,41924,0,0
98,93120,36143,33858,29415,24125,33796,42261,0,0
99,94080,35722,34399,29994,23491,33612,42406,0,0
100,95040,35181,35062,30510,22946,33606,42347,0,0
101,96000,34570,35787,30917,22539,33778,42088,0,0
102,96960,33944,36509,31177,22307,34112,41654,0,0
103,97920,33359,37162,31268,22270,34579,41083,0,0
104,98880,32868,37687,31180,22432,35136,40427,0,0
105,99840,32515,38038,30922,22778,35733,39744,0,0
106,100800,32332,38182,30517,23277,36316,39098,0,0
107,101760,32336,38106,30002,23885,36832,38545,0,0
108,102720,32526,37818,29423,24545,37236,38137,0,0
109,103680,32885,37342,28832,25199,37489,37909,0,0
110,104640,33381,36723,28284,25788,37571,37882,0,0
111,105600,33970,36016,27826,26257,37472,38060,0,0
112,106560,34596,35285,27501,26566,37203,38425,0,0
113,107520,35205,34596,27338,26686,36787,38945,0,0
114,108480,35742,34011,27352,26606,36261,39572,0,0
115,109440,36157,33583,27541,26334,35675,40251,0,0
116,110400,36414,33350,27888,25893,35079,40920,0,0
117,111360,36489,33334,28363,25325,34529,41518,0,0
118,112320,36375,33536,28921,24679,34074,41992,0,0
119,113280,36083,33938,29513,24015,33754,42299,0,0
120,114240,35639,34503,30086,23393,33599,42411,0,0
121,115200,35083,35181,30587,22868,33623,42317,0,0
122,116160,34466,35910,30971,22488,33823,42027,0,0
123,117120,33842,36624,31205,22287,34182,41567,0,0
124,118080,33269,37260,31265,22283,34667,40978,0,0
125,119040,32798,37759,31148,22477,35234,40313,0,0
126,120000,32472,38077,30864,22852,35832,39632,0,0
127,120960,32319,38184,30438,23373,36408,38998,0,0
128,121920,32355,38072,29909,23993,36909,38466,0,0
129,122880,32575,37750,29324,24656,37289,38085,0,0
130,123840,32960,37248,28737,25303,37515,37890,0,0
131,124800,33474,36610,28200,25875,37567,37898,0,0
132,125760,34073,35895,27762,26321,37439,38108,0,0
133,126720,34701,35166,27462,26600,37143,38502,0,0
134,127680,35301,34490,27328,26687,36705,39043,0,0
135,128640,35821,33928,27372,26574,36167,39683,0,0
136,129600,36212,33530,27589,26271,35575,40365,0,0
137,130560,36439,33332,27960,25806,34983,41026,0,0
138,131520,36483,33353,28451,25221,34445,41607,0,0
139,132480,36338,33590,29019,24568,34010,42056,0,0
140,133440,36018,34022,29612,23907,33716,42331,0,0
141,134400,35553,34610,30176,23297,33590,42409,0,0
142,135360,34983,35300,30660,22793,33644,42282,0,0
143,136320,34361,36032,31022,22441,33873,41962,0,0
144,137280,33742,36737,31227,22272,34255,41476,0,0
145,138240,33182,37354,31258,22302,34757,40871,0,0
146,139200,32733,37826,31112,22528,35333,40199,0,0
147,140160,32434,38110,30802,22929,35931,39522,0,0
148,141120,32312,38181,30355,23470,36498,38900,0,0
149,142080,32379,38033,29814,24102,36981,38391,0,0
150,143040,32628,37678,29225,24767,37338,38039,0,0
151,144000,33038,37150,28642,25405,37536,37877,0,0
152,144960,33570,36495,28119,25960,37558,37919,0,0
153,145920,34177,35772,27702,26380,37400,38162,0,0
154,146880,34804,35048,27428,26628,37079,38583,0,0
155,147840,35395,34387,27323,26682,36622,39144,0,0
156,148800,35896,33849,27396,26536,36070,39796,0,0
157,149760,36262,33482,27640,26204,35475,40478,0,0
158,150720,36460,33320,28034,25716,34888,41130,0,0
159,151680,36471,33378,28542,25115,34364,41692,0,0
160,152640,36296,33649,29117,24457,33950,42115,0,0
161,153600,35950,34110,29709,23800,33683,42359,0,0
162,154560,35464,34719,30263,23204,33587,42402,0,0
163,155520,34881,35421,30730,22723,33670,42241,0,0
164,156480,34256,36153,31067,22399,33926,41891,0,0
165,157440,33643,36848,31245,22263,34331,41383,0,0
166,158400,33098,37444,31246,22326,34849,40762,0,0
167,159360,32671,37887,31071,22583,35433,40085,0,0
168,160320,32401,38137,30736,23011,36029,39413,0,0
169,161280,32310,38171,30271,23571,36586,38806,0,0
170,162240,32408,37987,29717,24212,37051,38320,0,0
171,163200,32686,37601,29126,24877,37383,37998,0,0
172,164160,33119,37048,28550,25505,37552,37870,0,0
173,165120,33667,36377,28041,26040,37544,37946,0,0
174,166080,34282,35650,27645,26434,37358,38220,0,0
175,167040,34907,34932,27398,26651,37011,38668,0,0
176,168000,35486,34287,27323,26671,36535,39248,0,0
177,168960,35967,33775,27425,26493,35973,39909,0,0
178,169920,36307,33440,27697,26132,35375,40591,0,0
179,170880,36475,33315,28112,25622,34795,41231,0,0
180,171840,36455,33408,28634,25008,34287,41774,0,0
181,172800,36250,33714,29216,24346,33895,42169,0,0
182,173760,35878,34203,29805,23695,33655,42380,0,0
183,174720,35372,34831,30348,23115,33588,42389,0,0
184,175680,34779,35543,30796,22657,33702,42196,0,0
185,176640,34151,36273,31108,22363,33984,41816,0,0
186,177600,33546,36956,31257,22260,34411,41285,0,0
187,178560,33018,37530,31229,22356,34943,40651,0,0
188,179520,32615,37943,31026,22644,35533,39971,0,0
189,180480,32373,38158,30666,23097,36126,39306,0,0
190,181440,32313,38156,30183,23674,36671,38716,0,0
191,182400,32443,37936,29620,24323,37116,38254,0,0
192,183360,32749,37519,29027,24986,37423,37963,0,0
193,184320,33203,36943,28459,25602,37564,37868,0,0
194,185280,33766,36258,27966,26117,37525,37979,0,0
195,186240,34387,35528,27593,26483,37310,38284,0,0
196,187200,35008,34817,27374,26668,36939,38757,0,0
197,188160,35574,34191,27328,26655,36446,39354,0,0
198,189120,36035,33705,27459,26445,35874,40023,0,0
199,190080,36348,33404,27757,26057,35275,40702,0,0
200,191040,36485,33315,28193,25526,34704,41330,0,0
201,192000,36433,33445,28729,24900,34212,41851,0,0
202,192960,36199,33783,29315,24235,33843,42217,0,0
203,193920,35801,34299,29900,23592,33631,42396,0,0
204,194880,35278,34946,30431,23029,33595,42371,0,0
205,195840,34675,35665,30859,22596,33737,42145,0,0
206,196800,34047,36392,31145,22332,34046,41737,0,0
207,197760,33451,37060,31265,22262,34494,41186,0,0
208,198720,32941,37611,31207,22391,35039,40539,0,0
209,199680,39057,48559,30805,20515,29615,32254,65535,0
210,200640,57026,55552,27152,21392,16174,24831,65535,0
211,201600,55530,59636,31425,24654,13285,17675,65535,0
212,202560,51505,58798,40281,32627,8178,10277,65535,0
213,203520,53162,58094,46021,40152,802,3212,65535,0
214,204480,46742,52572,52876,48303,0,0,65535,0
215,205440,35023,42214,60494,56720,3478,1023,65535,0
216,206400,26699,31697,64494,62690,7373,4707,65535,0
217,207360,18953,22952,65535,65078,13707,10413,65535,0
218,208320,9717,12007,64793,65535,23259,20152,65535,0
219,209280,3375,5341,61256,62303,32877,29685,65535,0
220,210240,816,1226,54714,56517,41924,39460,65535,0
221,211200,0,0,46586,48802,50911,48519,65535,0
222,212160,1592,1678,37784,40247,58281,55731,65535,0
223,213120,6559,5924,28303,31423,63120,60825,65535,0
224,214080,13809,12649,19069,22842,65535,63358,65535,0
225,215040,22208,20206,11251,15547,65423,63795,65535,0
226,216000,31653,28854,5173,9609,62558,61822,65535,0
227,216960,41438,37807,1246,5400,57194,57790,65535,0
228,217920,50296,46326,0,3266,50010,52034,65535,0
229,218880,57581,53941,1503,3357,41547,44839,65535,0
230,219840,62870,60088,5494,5734,32474,36667,65535,0
231,220800,65535,64125,11653,10338,23715,28178,65535,0
232,221760,65283,65535,19494,16941,16035,20088,65535,0
233,222720,62248,64020,28252,25013,10084,13219,65535,0
234,223680,56724,59635,37094,33776,6421,8316,65535,0
235,224640,49143,52616,45266,42376,5395,6039,65535,0
236,225600,40217,43687,52021,49855,7083,6693,65535,0
237,226560,30804,33792,56718,55365,11313,10269,65535,0
238,227520,21729,23993,58948,58303,17711,16393,65535,0
239,228480,13806,15342,58527,58387,25691,24376,65535,0
240,229440,7767,8718,55493,55681,34511,33330,65535,0
241,230400,4150,4716,50124,50564,43381,42313,65535,0
242,231360,3259,3581,42922,43660,51503,50455,65535,0
243,232320,5166,5255,34544,35707,58145,57055,65535,0
244,233280,9694,9421,25741,27458,62720,61632,65535,0
245,234240,16422,15586,17303,19606,64827,63938,65535,0
246,235200,24737,23169,9989,12739,64287,63913,65535,0
247,236160,33894,31554,4446,7323,61156,61649,65535,0
248,237120,43071,40120,1164,3716,55721,57361,65535,0
249,238080,51445,48242,435,2180,48475,51362,65535,0
250,239040,58267,55302,2319,2865,40068,44074,65535,0
251,240000,62927,60704,6646,5791,31257,36034,65535,0
252,240960,65006,63914,13024,10811,22834,27889,65535,0
253,241920,64315,64535,20881,17575,15558,20370,65535,0
254,242880,60918,62379,29506,25525,10086,14223,65535,0
255,243840,55120,57538,38119,33924,6915,10121,65535,0
256,244800,47446,50408,45939,41926,6332,8560,65535,0
257,245760,38593,41673,52259,48689,8391,9768,65535,0
258,246720,29364,32227,56502,53482,12902,13660,65535,0
259,247680,20599,23056,58287,55800,19456,19835,65535,0
260,248640,13092,15107,57453,55427,27455,27632,65535,0
261,249600,7523,9156,54079,52457,36171,36228,65535,0
262,250560,4394,5729,48476,47264,44812,44754,65535,0
263,251520,3984,5051,41156,40427,52595,52402,65535,0
264,252480,6324,7063,32784,32641,58820,58514,65535,0
265,253440,11197,11467,24119,24629,62925,62627,65535,0
266,254400,18159,17790,15943,17070,64545,64485,65535,0
267,255360,26578,25455,8993,10554,63538,64022,65535,0
268,256320,35694,33826,3893,5563,59998,61336,65535,0
269,257280,44685,42246,1103,2462,54245,56665,65535,0
270,258240,52740,50060,871,1492,46801,50372,65535,0
271,259200,59133,56637,3219,2761,38335,42935,65535,0
272,260160,63286,61400,7936,6221,29612,34944,65535,0
273,261120,64822,63875,14597,11644,21421,27071,65535,0
274,262080,63600,63754,22601,18611,14503,20035,65535,0
275,263040,59728,60954,31224,26523,9485,14529,65535,0
276,264000,53554,55656,39685,34641,6827,11141,65535,0
277,264960,45637,48319,47214,42163,6770,10266,65535,0
278,265920,36694,39643,53127,48317,9324,12043,65535,0
279,266880,27540,30495,56885,52465,14256,16319,65535,0
280,267840,19006,21800,58145,54182,21118,22667,65535,0
281,268800,11869,14426,56793,53315,29288,30434,65535,0
282,269760,6776,9076,52952,49994,38021,38832,65535,0
283,270720,4190,6216,46974,44595,46524,47038,65535,0
284,271680,4344,6042,39401,37686,54025,54290,65535,0
285,272640,7221,8480,30921,29941,59846,59962,65535,0
286,273600,12559,13229,22304,22068,63459,63611,65535,0
287,274560,19872,19814,14330,14742,64541,64987,65535,0
288,275520,28500,27639,7718,8554,62993,64037,65535,0
289,276480,37661,36047,3068,3989,58957,60879,65535,0
290,277440,46526,44350,798,1402,52797,55790,65535,0
291,278400,54296,51871,1116,1007,45069,49181,65535,0
292,279360,60265,57979,3995,2859,36472,41584,65535,0
293,280320,63893,62125,9175,6844,27782,33629,65535,0
294,281280,64847,63897,16191,12663,19787,26006,65535,0
295,282240,63038,63069,24409,19838,13212,19415,65535,0
296,283200,58627,59650,33084,27736,8657,14501,65535,0
297,284160,52009,53900,41430,35619,6537,11775,65535,0
298,285120,43785,46331,48687,42721,7048,11547,65535,0
299,286080,34700,37662,54195,48332,10147,13876,65535,0
300,287040,25579,28739,57450,51884,15555,18553,65535,0
301,288000,17252,20441,58155,53028,22780,25118,65535,0
302,288960,10477,13575,56244,51666,31168,32920,65535,0
303,289920,5871,8783,51891,47961,39956,41191,65535,0
304,290880,3851,6482,45490,42306,48345,49139,65535,0
305,291840,4602,6829,37623,35267,55574,56038,65535,0
306,292800,8056,9728,29003,27514,60987,61288,65535,0
307,293760,13898,14863,20411,19749,64094,64467,65535,0
308,294720,21601,21740,12628,12642,64612,65346,65535,0
309,295680,30466,29742,6356,6784,62494,63891,65535,0
310,296640,39692,38186,2165,2653,57932,60256,65535,0
311,297600,48444,46361,435,583,51336,54755,65535,0
312,298560,55928,53580,1325,752,43302,47848,65535,0
313,299520,61466,59219,4757,3165,34557,40113,65535,0
314,300480,64554,62766,10422,7643,25892,32211,65535,0
315,301440,64909,63868,17811,13826,18092,24838,65535,0
316,302400,62495,62378,26255,21186,11866,18677,65535,0
317,303360,57526,58381,34990,29065,7782,14321,65535,0
318,304320,50450,52208,43222,36728,6214,12215,65535,0
319,305280,41908,44417,50203,43441,7307,12594,65535,0
320,306240,32673,35740,55297,48546,10966,15448,65535,0
321,307200,23585,27011,58039,51541,16860,20516,65535,0
322,308160,15470,19072,58177,52137,24457,27310,65535,0
323,309120,9066,12678,55697,50288,33067,35170,65535,0
324,310080,4956,8420,50822,46194,41908,43342,65535,0
325,311040,3514,6666,43993,40266,50178,51060,65535,0
326,312000,4873,7537,35830,33080,57127,57620,65535,0
327,312960,8910,10908,27073,25307,62122,62453,65535,0
328,313920,15261,16436,18515,17646,64710,65158,65535,0
329,314880,23351,23602,10932,10764,64656,65535,65535,0
330,315840,32448,31769,5011,5247,61963,63579,65535,0
331,316800,41729,40227,1290,1556,56873,59478,65535,0
332,317760,50354,48250,108,0,49845,53591,65535,0
333,318720,57540,55149,1575,716,41514,46422,65535,0
334,319680,62635,60317,5560,3658,32632,38584,65535,0
335,320640,65175,63282,11705,8589,24005,30759,65535,0
336,321600,64926,63748,19457,15094,16414,23649,65535,0
337,322560,61906,61639,28114,22607,10550,17908,65535,0
338,323520,56386,57109,36893,30449,6947,14086,65535,0
339,324480,48863,50551,44996,37893,5935,12566,65535,0
340,325440,40017,42559,51688,44232,7610,13515,65535,65535
341,326400,34400,35749,55028,47893,10481,15876,65535,65535
342,327360,34400,35749,52513,46285,12695,17972,65535,65535
343,328320,34400,35749,46999,41332,17124,22203,65535,65535
344,329280,34400,35749,41227,36115,23606,27769,65535,65535
345,330240,34400,35749,35128,30511,30536,33295,65535,65535
346,331200,34400,35749,29295,24805,35579,38513,65535,65535
347,332160,34400,35749,29295,24473,35579,40140,65535,65535
348,333120,34400,35749,29295,24473,35579,40140,65535,65535
349,334080,34400,35749,29295,24473,35579,40140,65535,65535
350,335040,34400,35749,29295,24473,35579,40140,65535,65535
351,336000,34400,35749,29295,24473,35579,40140,65535,65535
352,336960,34400,35749,29295,24473,35579,40140,65535,65535
353,337920,34400,35749,29295,24473,35579,40140,65535,65535
354,338880,34400,35749,29295,24473,35579,40140,65535,65535
355,339840,34400,35749,29295,24473,35579,40140,65535,65535
356,340800,34400,35749,29295,24473,35579,40140,65535,65535
357,341760,34400,35749,29295,24473,35579,40140,65535,65535
358,342720,34400,35749,29295,24473,35579,40140,65535,65535
359,343680,34400,35749,29295,24473,35579,40140,65535,65535
360,344640,34400,35749,29295,24473,35579,40140,65535,65535
361,345600,34400,35749,29295,24473,35579,40140,65535,65535
362,346560,34400,35749,29295,24473,35579,40140,65535,65535
363,347520,34400,35749,29295,24473,35579,40140,65535,65535
364,348480,34400,35749,29295,24473,35579,40140,65535,65535
365,349440,34400,35749,29295,24473,35579,40140,65535,65535
366,350400,34400,35749,29295,24473,35579,40140,65535,65535
367,351360,34400,35749,29295,24473,35579,40140,65535,65535
368,352320,34400,35749,29295,24473,35579,40140,65535,65535
369,353280,34400,35749,29295,24473,35579,40140,65535,65535
370,354240,34400,35749,29295,24473,35579,40140,65535,65535
371,355200,34400,35749,29295,24473,35579,40140,65535,65535
372,356160,34400,35749,29295,24473,35579,40140,65535,65535
373,357120,34400,35749,29295,24473,35579,40140,65535,65535
374,358080,34400,35749,29295,24473,35579,40140,65535,65535
375,359040,34400,35749,29295,24473,35579,40140,65535,65535
376,360000,34400,35749,29295,24473,35579,40140,65535,65535
377,360960,34400,35749,29295,24473,35579,40140,65535,65535
378,361920,34400,35749,29295,24473,35579,40140,65535,65535
379,362880,34400,35749,29295,24473,35579,40140,65535,65535
380,363840,34400,35749,29295,24473,35579,40140,65535,65535
381,364800,34400,35749,29295,24473,35579,40140,65535,65535
382,365760,34400,35749,29295,24473,35579,40140,65535,65535
383,366720,34400,35749,29295,24473,35579,40140,65535,65535
384,367680,34400,35749,29295,24473,35579,40140,65535,65535
385,368640,34400,35749,29295,24473,35579,40140,65535,65535
386,369600,34400,35749,29295,24473,35579,40140,65535,65535
387,370560,34400,35749,29295,24473,35579,40140,65535,65535
388,371520,34400,35749,29295,24473,35579,40140,65535,65535
389,372480,34400,35749,29295,24473,35579,40140,65535,65535
390,373440,34400,35749,29295,24473,35579,40140,65535,65535
391,374400,34400,35749,29295,24473,35579,40140,65535,65535
392,375360,34400,35749,29295,24473,35579,40140,65535,65535
393,376320,34400,35749,29295,24473,35579,40140,65535,65535
394,377280,34400,35749,29295,24473,35579,40140,65535,65535
395,378240,34400,35749,29295,24473,35579,40140,65535,65535
396,379200,34400,35749,29295,24473,35579,40140,65535,65535
397,380160,34400,35749,29295,24473,35579,40140,65535,65535
398,381120,34400,35749,29295,24473,35579,40140,65535,65535
399,382080,34400,35749,29295,24473,35579,40140,65535,65535
400,383040,34400,35749,29295,24473,35579,40140,65535,65535
401,384000,34400,35749,29295,24473,35579,40140,65535,65535
402,384960,34400,35749,29295,24473,35579,40140,65535,65535
403,385920,34400,35749,29295,24473,35579,40140,65535,65535
404,386880,34400,35749,29295,24473,35579,40140,65535,65535
405,387840,34400,35749,29295,24473,35579,40140,65535,65535
406,388800,34400,35749,29295,24473,35579,40140,65535,65535
407,389760,34400,35749,29295,24473,35579,40140,65535,65535
408,390720,34400,35749,29295,24473,35579,40140,65535,65535
409,391680,34400,35749,29295,24473,35579,40140,65535,65535
410,392640,34400,35749,29295,24473,35579,40140,65535,65535
411,393600,34400,35749,29295,24473,35579,40140,65535,65535
412,394560,34400,35749,29295,24473,35579,40140,65535,65535
413,395520,34400,35749,29295,24473,35579,40140,65535,65535
414,396480,34400,35749,29295,24473,35579,40140,65535,65535
415,397440,34400,35749,29295,24473,35579,40140,65535,65535
416,398400,34400,35749,29295,24473,35579,40140,65535,65535
417,399360,34400,35749,29295,24473,35579,40140,65535,65535
418,400320,34400,35749,29295,24473,35579,40140,65535,65535
419,401280,34400,35749,29295,24473,35579,40140,65535,65535
420,402240,34400,35749,29295,24473,35579,40140,65535,65535
421,403200,34400,35749,29295,24473,35579,40140,65535,65535
422,404160,34400,35749,29295,24473,35579,40140,65535,65535
423,405120,34400,35749,29295,24473,35579,40140,65535,65535
424,406080,34400,35749,29295,24473,35579,40140,65535,65535
425,407040,34400,35749,29295,24473,35579,40140,65535,65535
426,408000,34400,35749,29295,24473,35579,40140,65535,65535
427,408960,34400,35749,29295,24473,35579,40140,65535,65535
428,409920,34400,35749,29295,24473,35579,40140,65535,65535
429,410880,34400,35749,29295,24473,35579,40140,65535,65535
430,411840,34400,35749,29295,24473,35579,40140,65535,65535
431,412800,34400,35749,29295,24473,35579,40140,65535,65535
432,413760,34400,35749,29295,24473,35579,40140,65535,65535
433,414720,34400,35749,29295,24473,35579,40140,65535,65535
434,415680,34400,35749,29295,24473,35579,40140,65535,65535
435,416640,34400,35749,29295,24473,35579,40140,65535,65535
436,417600,34400,35749,29295,24473,35579,40140,65535,65535
437,418560,34400,35749,29295,24473,35579,40140,65535,65535
438,419520,34400,35749,29295,24473,35579,40140,65535,65535
439,420480,34400,35749,29295,24473,35579,40140,65535,65535
440,421440,34400,35749,29295,24473,35579,40140,65535,65535
441,422400,34400,35749,29295,24473,35579,40140,65535,65535
442,423360,34400,35749,29295,24473,35579,40140,65535,65535
443,424320,34400,35749,29295,24473,35579,40140,65535,65535
444,425280,34400,35749,29295,24473,35579,40140,65535,65535
445,426240,34400,35749,29295,24473,35579,40140,65535,65535
446,427200,34400,35749,29295,24473,35579,40140,65535,65535
447,428160,34400,35749,29295,24473,35579,40140,65535,65535
448,429120,34400,35749,29295,24473,35579,40140,65535,65535
449,430080,34400,35749,29295,24473,35579,40140,65535,65535
450,431040,34400,35749,29295,24473,35579,40140,65535,65535
451,432000,34400,35749,29295,24473,35579,40140,65535,65535
452,432960,34400,35749,29295,24473,35579,40140,65535,65535
453,433920,34400,35749,29295,24473,35579,40140,65535,65535
454,434880,34400,35749,29295,24473,35579,40140,65535,65535
455,435840,34400,35749,29295,24473,35579,40140,65535,65535
456,436800,34400,35749,29295,24473,35579,40140,65535,65535
457,437760,34400,35749,29295,24473,35579,40140,65535,65535
458,438720,34400,35749,29295,24473,35579,40140,65535,65535
459,439680,34400,35749,29295,24473,35579,40140,65535,65535
460,440640,34400,35749,29295,24473,35579,40140,65535,65535
461,441600,34400,35749,29295,24473,35579,40140,65535,65535
462,442560,34400,35749,29295,24473,35579,40140,65535,65535
463,443520,34400,35749,29295,24473,35579,40140,65535,65535
464,444480,34400,35749,29295,24473,35579,40140,65535,65535
465,445440,34400,35749,29295,24473,35579,40140,65535,65535
466,446400,34400,35749,29295,24473,35579,40140,65535,65535
467,447360,34400,35749,29295,24473,35579,40140,65535,65535
468,448320,34400,35749,29295,24473,35579,40140,65535,65535
469,449280,34400,35749,29295,24473,35579,40140,65535,65535
470,450240,34400,35749,29295,24473,35579,40140,65535,65535
471,451200,34400,35749,29295,24473,35579,40140,65535,65535
472,452160,34400,35749,29295,24473,35579,40140,65535,65535
473,453120,34400,35749,29295,24473,35579,40140,65535,65535
474,454080,34400,35749,29295,24473,35579,40140,65535,65535
475,455040,34400,35749,29295,24473,35579,40140,65535,65535
476,456000,34400,35749,29295,24473,35579,40140,65535,65535
477,456960,34400,35749,29295,24473,35579,40140,65535,65535
478,457920,34400,35749,29295,24473,35579,40140,65535,65535
479,458880,34400,35749,29295,24473,35579,40140,65535,65535
480,459840,34400,35749,29295,24473,35579,40140,65535,65535
481,460800,34400,35749,29295,24473,35579,40140,65535,65535
482,461760,34400,35749,29295,24473,35579,40140,65535,65535
483,462720,34400,35749,29295,24473,35579,40140,65535,65535
484,463680,34400,35749,29295,24473,35579,40140,65535,65535
485,464640,34400,35749,29295,24473,35579,40140,65535,65535
486,465600,34400,35749,29295,24473,35579,40140,65535,65535
487,466560,34400,35749,29295,24473,35579,40140,65535,65535
488,467520,34400,35749,29295,24473,35579,40140,65535,65535
489,468480,34400,35749,29295,24473,35579,40140,65535,65535
490,469440,34400,35749,29295,24473,35579,40140,65535,65535
491,470400,34400,35749,29295,24473,35579,40140,65535,65535
492,471360,34400,35749,29295,24473,35579,40140,65535,65535
493,472320,34400,35749,29295,24473,35579,40140,65535,65535
494,473280,34400,35749,29295,24473,35579,40140,65535,65535
495,474240,34400,35749,29295,24473,35579,40140,65535,65535
496,475200,34400,35749,29295,24473,35579,40140,65535,65535
497,476160,34400,35749,29295,24473,35579,40140,65535,65535
498,477120,34400,35749,29295,24473,35579,40140,65535,65535
499,478080,34400,35749,29295,24473,35579,40140,65535,65535
500,479040,34400,35749,29295,24473,35579,40140,65535,65535
501,480000,34400,35749,29295,24473,35579,40140,65535,65535
502,480960,34400,35749,29295,24473,35579,40140,65535,65535
503,481920,34400,35749,29295,24473,35579,40140,65535,65535
504,482880,34400,35749,29295,24473,35579,40140,65535,65535
505,483840,34400,35749,29295,24473,35579,40140,65535,65535
506,484800,34400,35749,29295,24473,35579,40140,65535,65535
507,485760,34400,35749,29295,24473,35579,40140,65535,65535
508,486720,34400,35749,29295,24473,35579,40140,65535,65535
509,487680,34400,35749,29295,24473,35579,40140,65535,65535
510,488640,34400,35749,29295,24473,35579,40140,65535,65535
511,489600,34400,35749,29295,24473,35579,40140,65535,65535
512,490560,34400,35749,29295,24473,35579,40140,65535,65535
513,491520,34400,35749,29295,24473,35579,40140,65535,65535
514,492480,34400,35749,29295,24473,35579,40140,65535,65535
515,493440,34400,35749,29295,24473,35579,40140,65535,65535
516,494400,34400,35749,29295,24473,35579,40140,65535,65535
517,495360,34400,35749,29295,24473,35579,40140,65535,65535
518,496320,34400,35749,29295,24473,35579,40140,65535,65535
519,497280,34400,35749,29295,24473,35579,40140,65535,65535
520,498240,34400,35749,29295,24473,35579,40140,65535,65535
521,499200,34400,35749,29295,24473,35579,40140,65535,65535
522,500160,34400,35749,29295,24473,35579,40140,65535,65535
523,501120,34400,35749,29295,24473,35579,40140,65535,65535
524,502080,34400,35749,29295,24473,35579,40140,65535,65535
525,503040,34400,35749,29295,24473,35579,40140,65535,65535
526,504000,34400,35749,29295,24473,35579,40140,65535,65535
527,504960,34400,35749,29295,24473,35579,40140,65535,65535
528,505920,34400,35749,29295,24473,35579,40140,65535,65535
529,506880,34400,35749,29295,24473,35579,40140,65535,65535
530,507840,34400,35749,29295,24473,35579,40140,65535,65535
531,508800,34400,35749,29295,24473,35579,40140,65535,65535
532,509760,34400,35749,29295,24473,35579,40140,65535,65535
533,510720,34400,35749,29295,24473,35579,40140,65535,65535
534,511680,34400,35749,29295,24473,35579,40140,65535,65535
535,512640,34400,35749,29295,24473,35579,40140,65535,65535
536,513600,34400,35749,29295,24473,35579,40140,65535,65535
537,514560,34400,35749,29295,24473,35579,40140,65535,65535
538,515520,34400,35749,29295,24473,35579,40140,65535,65535
539,516480,34400,35749,29295,24473,35579,40140,65535,65535
540,517440,34400,35749,29295,24473,35579,40140,65535,65535
541,518400,34400,35749,29295,24473,35579,40140,65535,65535
542,519360,34400,35749,29295,24473,35579,40140,65535,65535
543,520320,34400,35749,29295,24473,35579,40140,65535,65535
544,521280,34400,35749,29295,24473,35579,40140,65535,65535
545,522240,34400,35749,29295,24473,35579,40140,65535,65535
546,523200,34400,35749,29295,24473,35579,40140,65535,65535
547,524160,34400,35749,29295,24473,35579,40140,65535,65535
548,525120,34400,35749,29295,24473,35579,40140,65535,65535
549,526080,34400,35749,29295,24473,35579,40140,65535,65535
550,527040,34400,35749,29295,24473,35579,40140,65535,65535
551,528000,34400,35749,29295,24473,35579,40140,65535,65535
552,528960,34400,35749,29295,24473,35579,40140,65535,65535
553,529920,34400,35749,29295,24473,35579,40140,65535,65535
554,530880,34400,35749,29295,24473,35579,40140,65535,65535
555,531840,34400,35749,29295,24473,35579,40140,65535,65535
556,532800,34400,35749,29295,24473,35579,40140,65535,65535
557,533760,34400,35749,29295,24473,35579,40140,65535,65535
558,534720,34400,35749,29295,24473,35579,40140,65535,65535
559,535680,34400,35749,29295,24473,35579,40140,65535,65535
560,536640,34400,35749,29295,24473,35579,40140,65535,65535
561,537600,34400,35749,29295,24473,35579,40140,65535,65535
562,538560,34400,35749,29295,24473,35579,40140,65535,65535
563,539520,34400,35749,29295,24473,35579,40140,65535,65535
564,540480,34400,35749,29295,24473,35579,40140,65535,65535
565,541440,34400,35749,29295,24473,35579,40140,65535,65535
566,542400,34400,35749,29295,24473,35579,40140,65535,65535
567,543360,34400,35749,29295,24473,35579,40140,65535,65535
568,544320,34400,35749,29295,24473,35579,40140,65535,65535
569,545280,34400,35749,29295,24473,35579,40140,65535,65535
570,546240,34400,35749,29295,24473,35579,40140,65535,65535
571,547200,34400,35749,29295,24473,35579,40140,65535,65535
572,548160,34400,35749,29295,24473,35579,40140,65535,65535
573,549120,34400,35749,29295,24473,35579,40140,65535,65535
574,550080,34400,35749,29295,24473,35579,40140,65535,65535
575,551040,34400,35749,29295,24473,35579,40140,65535,65535
576,552000,34400,35749,29295,24473,35579,40140,65535,65535
577,552960,34400,35749,29295,24473,35579,40140,65535,65535
578,553920,34400,35749,29295,24473,35579,40140,65535,65535
579,554880,34400,35749,29295,24473,35579,40140,65535,65535
580,555840,34400,35749,29295,24473,35579,40140,65535,65535
581,556800,34400,35749,29295,24473,35579,40140,65535,65535
582,557760,34400,35749,29295,24473,35579,40140,65535,65535
583,558720,34400,35749,29295,24473,35579,40140,65535,65535
584,559680,34400,35749,29295,24473,35579,40140,65535,65535
585,560640,34400,35749,29295,24473,35579,40140,65535,65535
586,561600,34400,35749,29295,24473,35579,40140,65535,65535
587,562560,34400,35749,29295,24473,35579,40140,65535,65535
588,563520,34400,35749,29295,24473,35579,40140,65535,65535
589,564480,34400,35749,29295,24473,35579,40140,65535,65535
590,565440,34400,35749,29295,24473,35579,40140,65535,65535
591,566400,34400,35749,29295,24473,35579,40140,65535,65535
592,567360,34400,35749,29295,24473,35579,40140,65535,65535
593,568320,34400,35749,29295,24473,35579,40140,65535,65535
594,569280,34400,35749,29295,24473,35579,40140,65535,65535
595,570240,34400,35749,29295,24473,35579,40140,65535,65535
596,571200,34400,35749,29295,24473,35579,40140,65535,65535
597,572160,34400,35749,29295,24473,35579,40140,65535,65535
598,573120,34400,35749,29295,24473,35579,40140,65535,65535
599,574080,34400,35749,29295,24473,35579,40140,65535,65535
600,575040,34400,35749,29295,24473,35579,40140,65535,65535
601,576000,34400,35749,29295,24473,35579,40140,65535,65535
602,576960,34400,35749,29295,24473,35579,40140,65535,65535
603,577920,34400,35749,29295,24473,35579,40140,65535,65535
604,578880,34400,35749,29295,24473,35579,40140,65535,65535
605,579840,34400,35749,29295,24473,35579,40140,65535,65535
606,580800,34400,35749,29295,24473,35579,40140,65535,65535
607,581760,34400,35749,29295,24473,35579,40140,65535,65535
608,582720,34400,35749,29295,24473,35579,40140,65535,65535
609,583680,34400,35749,29295,24473,35579,40140,65535,65535
610,584640,34400,35749,29295,24473,35579,40140,65535,65535
611,585600,34400,35749,29295,24473,35579,40140,65535,65535
612,586560,34400,35749,29295,24473,35579,40140,65535,65535
613,587520,34400,35749,29295,24473,35579,40140,65535,65535
614,588480,34400,35749,29295,24473,35579,40140,65535,65535
615,589440,34400,35749,29295,24473,35579,40140,65535,65535
616,590400,34400,35749,29295,24473,35579,40140,65535,65535
617,591360,34400,35749,29295,24473,35579,40140,65535,65535
618,592320,34400,35749,29295,24473,35579,40140,65535,65535
619,593280,34400,35749,29295,24473,35579,40140,65535,65535
620,594240,34400,35749,29295,24473,35579,40140,65535,65535
621,595200,34400,35749,29295,24473,35579,40140,65535,65535
622,596160,34400,35749,29295,24473,35579,40140,65535,65535
623,597120,34400,35749,29295,24473,35579,40140,65535,65535
624,598080,34400,35749,29295,24473,35579,40140,65535,65535
625,599040,34400,35749,29295,24473,35579,40140,65535,65535
626,600000,34400,35749,29295,24473,35579,40140,65535,65535
627,600960,34400,35749,29295,24473,35579,40140,65535,65535
628,601920,34400,35749,29295,24473,35579,40140,65535,65535
629,602880,34400,35749,29295,24473,35579,40140,65535,65535
630,603840,34400,35749,29295,24473,35579,40140,65535,65535
631,604800,34400,35749,29295,24473,35579,40140,65535,65535
632,605760,34400,35749,29295,24473,35579,40140,65535,65535
633,606720,34400,35749,29295,24473,35579,40140,65535,65535
634,607680,34400,35749,29295,24473,35579,40140,65535,65535
635,608640,34400,35749,29295,24473,35579,40140,65535,65535
636,609600,34400,35749,29295,24473,35579,40140,65535,65535
637,610560,34400,35749,29295,24473,35579,40140,65535,65535
638,611520,34400,35749,29295,24473,35579,40140,65535,65535
639,612480,34400,35749,29295,24473,35579,40140,65535,65535
640,613440,34400,35749,29295,24473,35579,40140,65535,65535
641,614400,34400,35749,29295,24473,35579,40140,65535,65535
642,615360,34400,35749,29295,24473,35579,40140,65535,65535
643,616320,34400,35749,29295,24473,35579,40140,65535,65535
644,617280,34400,35749,29295,24473,35579,40140,65535,65535
645,618240,34400,35749,29295,24473,35579,40140,65535,65535
646,619200,34400,35749,29295,24473,35579,40140,65535,65535
647,620160,34400,35749,29295,24473,35579,40140,65535,65535
648,621120,34400,35749,29295,24473,35579,40140,65535,65535
649,622080,34400,35749,29295,24473,35579,40140,65535,65535
650,623040,34400,35749,29295,24473,35579,40140,65535,65535
651,624000,34400,35749,29295,24473,35579,40140,65535,65535
652,624960,34400,35749,29295,24473,35579,40140,65535,65535
653,625920,34400,35749,29295,24473,35579,40140,65535,65535
654,626880,34400,35749,29295,24473,35579,40140,65535,65535
655,627840,34400,35749,29295,24473,35579,40140,65535,65535
656,628800,34400,35749,29295,24473,35579,40140,65535,65535
657,629760,34400,35749,29295,24473,35579,40140,65535,65535
658,630720,34400,35749,29295,24473,35579,40140,65535,65535
659,631680,34400,35749,29295,24473,35579,40140,65535,65535
660,632640,34400,35749,29295,24473,35579,40140,65535,65535
661,633600,34400,35749,29295,24473,35579,40140,65535,65535
662,634560,34400,35749,29295,24473,35579,40140,65535,65535
663,635520,34400,35749,29295,24473,35579,40140,65535,65535
664,636480,34400,35749,29295,24473,35579,40140,65535,65535
665,637440,34400,35749,29295,24473,35579,40140,65535,65535
666,638400,34400,35749,29295,24473,35579,40140,65535,65535
667,639360,34400,35749,29295,24473,35579,40140,65535,65535
668,640320,34400,35749,29295,24473,35579,40140,65535,65535
669,641280,34400,35749,29295,24473,35579,40140,65535,65535
670,642240,34400,35749,29295,24473,35579,40140,65535,65535
671,643200,34400,35749,29295,24473,35579,40140,65535,65535
672,644160,34400,35749,29295,24473,35579,40140,65535,65535
673,645120,34400,35749,29295,24473,35579,40140,65535,65535
674,646080,34400,35749,29295,24473,35579,40140,65535,65535
675,647040,34400,35749,29295,24473,35579,40140,65535,65535
676,648000,34400,35749,29295,24473,35579,40140,65535,65535
677,648960,34400,35749,29295,24473,35579,40140,65535,65535
678,649920,34400,35749,29295,24473,35579,40140,65535,65535
679,650880,34400,35749,29295,24473,35579,40140,65535,65535
680,651840,34400,35749,29295,24473,35579,40140,65535,65535
681,652800,34400,35749,29295,24473,35579,40140,65535,65535
682,653760,34400,35749,29295,24473,35579,40140,65535,65535
683,654720,34400,35749,29295,24473,35579,40140,65535,65535
684,655680,34400,35749,29295,24473,35579,40140,65535,65535
685,656640,34400,35749,29295,24473,35579,40140,65535,65535
686,657600,34400,35749,29295,24473,35579,40140,65535,65535
687,658560,34400,35749,29295,24473,35579,40140,65535,65535
688,659520,34400,35749,29295,24473,35579,40140,65535,65535
689,660480,34400,35749,29295,24473,35579,40140,65535,65535
690,661440,34400,35749,29295,24473,35579,40140,65535,65535
691,662400,34400,35749,29295,24473,35579,40140,65535,65535
692,663360,34400,35749,29295,24473,35579,40140,65535,65535
693,664320,34400,35749,29295,24473,35579,40140,65535,65535
694,665280,34400,35749,29295,24473,35579,40140,65535,65535
695,666240,34400,35749,29295,24473,35579,40140,65535,65535
696,667200,34400,35749,29295,24473,35579,40140,65535,65535
697,668160,34400,35749,29295,24473,35579,40140,65535,65535
698,669120,34400,35749,29295,24473,35579,40140,65535,65535
699,670080,34400,35749,29295,24473,35579,40140,65535,65535
700,671040,34400,35749,29295,24473,35579,40140,65535,65535
701,672000,34400,35749,29295,24473,35579,40140,65535,65535
702,672960,34400,35749,29295,24473,35579,40140,65535,65535
703,673920,34400,35749,29295,24473,35579,40140,65535,65535
704,674880,34400,35749,29295,24473,35579,40140,65535,65535
705,675840,34400,35749,29295,24473,35579,40140,65535,65535
706,676800,34400,35749,29295,24473,35579,40140,65535,65535
707,677760,34400,35749,29295,24473,35579,40140,65535,65535
708,678720,34400,35749,29295,24473,35579,40140,65535,65535
709,679680,34400,35749,29295,24473,35579,40140,65535,65535
710,680640,34400,35749,29295,24473,35579,40140,65535,65535
711,681600,34400,35749,29295,24473,35579,40140,65535,65535
712,682560,34400,35749,29295,24473,35579,40140,65535,65535
713,683520,34400,35749,29295,24473,35579,40140,65535,65535
714,684480,34400,35749,29295,24473,35579,40140,65535,65535
715,685440,34400,35749,29295,24473,35579,40140,65535,65535
716,686400,34400,35749,29295,24473,35579,40140,65535,65535
717,687360,34400,35749,29295,24473,35579,40140,65535,65535
718,688320,34400,35749,29295,24473,35579,40140,65535,65535
719,689280,34400,35749,29295,24473,35579,40140,65535,65535
720,690240,34400,35749,29295,24473,35579,40140,65535,65535
721,691200,34400,35749,29295,24473,35579,40140,65535,65535
722,692160,34400,35749,29295,24473,35579,40140,65535,65535
723,693120,34400,35749,29295,24473,35579,40140,65535,65535
724,694080,34400,35749,29295,24473,35579,40140,65535,65535
725,695040,34400,35749,29295,24473,35579,40140,65535,65535
726,696000,34400,35749,29295,24473,35579,40140,65535,65535
727,696960,34400,35749,29295,24473,35579,40140,65535,65535
728,697920,34400,35749,29295,24473,35579,40140,65535,65535
729,698880,34400,35749,29295,24473,35579,40140,65535,65535
730,699840,34400,35749,29295,24473,35579,40140,65535,65535
731,700800,34400,35749,29295,24473,35579,40140,65535,65535
732,701760,34400,35749,29295,24473,35579,40140,65535,65535
733,702720,34400,35749,29295,24473,35579,40140,65535,65535
734,703680,34400,35749,29295,24473,35579,40140,65535,65535
735,704640,34400,35749,29295,24473,35579,40140,65535,65535
736,705600,34400,35749,29295,24473,35579,40140,65535,65535
737,706560,34400,35749,29295,24473,35579,40140,65535,65535
738,707520,34400,35749,29295,24473,35579,40140,65535,65535
739,708480,34400,35749,29295,24473,35579,40140,65535,65535
740,709440,34400,35749,29295,24473,35579,40140,65535,65535
741,710400,34400,35749,29295,24473,35579,40140,65535,65535
742,711360,34400,35749,29295,24473,35579,40140,65535,65535
743,712320,34400,35749,29295,24473,35579,40140,65535,65535
744,713280,34400,35749,29295,24473,35579,40140,65535,65535
745,714240,34400,35749,29295,24473,35579,40140,65535,65535
746,715200,34400,35749,29295,24473,35579,40140,65535,65535
747,716160,34400,35749,29295,24473,35579,40140,65535,65535
748,717120,34400,35749,29295,24473,35579,40140,65535,65535
749,718080,34400,35749,29295,24473,35579,40140,65535,65535
750,719040,34400,35749,29295,24473,35579,40140,65535,65535
751,720000,34400,35749,29295,24473,35579,40140,65535,65535
752,720960,34400,35749,29295,24473,35579,40140,65535,65535
753,721920,34400,35749,29295,24473,35579,40140,65535,65535
754,722880,34400,35749,29295,24473,35579,40140,65535,65535
755,723840,34400,35749,29295,24473,35579,40140,65535,65535
756,724800,34400,35749,29295,24473,35579,40140,65535,65535
757,725760,34400,35749,29295,24473,35579,40140,65535,65535
758,726720,34400,35749,29295,24473,35579,40140,65535,65535
759,727680,34400,35749,29295,24473,35579,40140,65535,65535
760,728640,34400,35749,29295,24473,35579,40140,65535,65535
761,729600,34400,35749,29295,24473,35579,40140,65535,65535
762,730560,34400,35749,29295,24473,35579,40140,65535,65535
763,731520,34400,35749,29295,24473,35579,40140,65535,65535
764,732480,34400,35749,29295,24473,35579,40140,65535,65535
765,733440,34400,35749,29295,24473,35579,40140,65535,65535
766,734400,34400,35749,29295,24473,35579,40140,65535,65535
767,735360,34400,35749,29295,24473,35579,40140,65535,65535
768,736320,34400,35749,29295,24473,35579,40140,65535,65535
769,737280,34400,35749,29295,24473,35579,40140,65535,65535
770,738240,34400,35749,29295,24473,35579,40140,65535,65535
771,739200,34400,35749,29295,24473,35579,40140,65535,65535
772,740160,34400,35749,29295,24473,35579,40140,65535,65535
773,741120,34400,35749,29295,24473,35579,40140,65535,65535
774,742080,34400,35749,29295,24473,35579,40140,65535,65535
775,743040,34400,35749,29295,24473,35579,40140,65535,65535
776,744000,34400,35749,29295,24473,35579,40140,65535,65535
777,744960,34400,35749,29295,24473,35579,40140,65535,65535
778,745920,34400,35749,29295,24473,35579,40140,65535,65535
779,746880,34400,35749,29295,24473,35579,40140,65535,65535
780,747840,34400,35749,29295,24473,35579,40140,65535,65535
781,748800,34400,35749,29295,24473,35579,40140,65535,65535
782,749760,34400,35749,29295,24473,35579,40140,65535,65535
783,750720,34400,35749,29295,24473,35579,40140,65535,65535
784,751680,34400,35749,29295,24473,35579,40140,65535,65535
785,752640,34400,35749,29295,24473,35579,40140,65535,65535
786,753600,34400,35749,29295,24473,35579,40140,65535,65535
787,754560,34400,35749,29295,24473,35579,40140,65535,65535
788,755520,34400,35749,29295,24473,35579,40140,65535,65535
789,756480,34400,35749,29295,24473,35579,40140,65535,65535
790,757440,34400,35749,29295,24473,35579,40140,65535,65535
791,758400,34400,35749,29295,24473,35579,40140,65535,65535
792,759360,34400,35749,29295,24473,35579,40140,65535,65535
793,760320,34400,35749,29295,24473,35579,40140,65535,65535
794,761280,34400,35749,29295,24473,35579,40140,65535,65535
795,762240,34400,35749,29295,24473,35579,40140,65535,65535
796,763200,34400,35749,29295,24473,35579,40140,65535,65535
797,764160,34400,35749,29295,24473,35579,40140,65535,65535
798,765120,34400,35749,29295,24473,35579,40140,65535,65535
799,766080,34400,35749,29295,24473,35579,40140,65535,65535
800,767040,34400,35749,29295,24473,35579,40140,65535,65535
801,768000,34400,35749,29295,24473,35579,40140,65535,65535
802,768960,34400,35749,29295,24473,35579,40140,65535,65535
803,769920,34400,35749,29295,24473,35579,40140,65535,65535
804,770880,34400,35749,29295,24473,35579,40140,65535,65535
805,771840,34400,35749,29295,24473,35579,40140,65535,65535
806,772800,34400,35749,29295,24473,35579,40140,65535,65535
807,773760,34400,35749,29295,24473,35579,40140,65535,65535
808,774720,34400,35749,29295,24473,35579,40140,65535,65535
809,775680,34400,35749,29295,24473,35579,40140,65535,65535
810,776640,34400,35749,29295,24473,35579,40140,65535,65535
811,777600,34400,35749,29295,24473,35579,40140,65535,65535
812,778560,34400,35749,29295,24473,35579,40140,65535,65535
813,779520,34400,35749,29295,24473,35579,40140,65535,65535
814,780480,34400,35749,29295,24473,35579,40140,65535,65535
815,781440,34400,35749,29295,24473,35579,40140,65535,65535
816,782400,34400,35749,29295,24473,35579,40140,65535,65535
817,783360,34400,35749,29295,24473,35579,40140,65535,65535
818,784320,34400,35749,29295,24473,35579,40140,65535,65535
819,785280,34400,35749,29295,24473,35579,40140,65535,65535
820,786240,34400,35749,29295,24473,35579,40140,65535,65535
821,787200,34400,35749,29295,24473,35579,40140,65535,65535
822,788160,34400,35749,29295,24473,35579,40140,65535,65535
823,789120,34400,35749,29295,24473,35579,40140,65535,65535
824,790080,34400,35749,29295,24473,35579,40140,65535,65535
825,791040,34400,35749,29295,24473,35579,40140,65535,65535
826,792000,34400,35749,29295,24473,35579,40140,65535,65535
827,792960,34400,35749,29295,24473,35579,40140,65535,65535
828,793920,34400,35749,29295,24473,35579,40140,65535,65535
829,794880,34400,35749,29295,24473,35579,40140,65535,65535
830,795840,34400,35749,29295,24473,35579,40140,65535,65535
831,796800,34400,35749,29295,24473,35579,40140,65535,65535
832,797760,34400,35749,29295,24473,35579,40140,65535,65535
833,798720,34400,35749,29295,24473,35579,40140,65535,65535
834,799680,34400,35749,29295,24473,35579,40140,65535,65535
835,800640,34400,35749,29295,24473,35579,40140,65535,65535
836,801600,34400,35749,29295,24473,35579,40140,65535,65535
837,802560,34400,35749,29295,24473,35579,40140,65535,65535
838,803520,34400,35749,29295,24473,35579,40140,65535,65535
839,804480,34400,35749,29295,24473,35579,40140,65535,65535
840,805440,34400,35749,29295,24473,35579,40140,65535,65535
841,806400,34400,35749,29295,24473,35579,40140,65535,65535
842,807360,34400,35749,29295,24473,35579,40140,65535,65535
843,808320,34400,35749,29295,24473,35579,40140,65535,65535
844,809280,34400,35749,29295,24473,35579,40140,65535,65535
845,810240,34400,35749,29295,24473,35579,40140,65535,65535
846,811200,34400,35749,29295,24473,35579,40140,65535,65535
847,812160,34400,35749,29295,24473,35579,40140,65535,65535
848,813120,34400,35749,29295,24473,35579,40140,65535,65535
849,814080,34400,35749,29295,24473,35579,40140,65535,65535
850,815040,34400,35749,29295,24473,35579,40140,65535,65535
851,816000,34400,35749,29295,24473,35579,40140,65535,65535
852,816960,34400,35749,29295,24473,35579,40140,65535,65535
853,817920,34400,35749,29295,24473,35579,40140,65535,65535
854,818880,34400,35749,29295,24473,35579,40140,65535,65535
855,819840,34400,35749,29295,24473,35579,40140,65535,65535
856,820800,34400,35749,29295,24473,35579,40140,65535,65535
857,821760,34400,35749,29295,24473,35579,40140,65535,65535
858,822720,34400,35749,29295,24473,35579,40140,65535,65535
859,823680,34400,35749,29295,24473,35579,40140,65535,65535
860,824640,34400,35749,29295,24473,35579,40140,65535,65535
861,825600,34400,35749,29295,24473,35579,40140,65535,65535
862,826560,34400,35749,29295,24473,35579,40140,65535,65535
863,827520,34400,35749,29295,24473,35579,40140,65535,65535
864,828480,34400,35749,29295,24473,35579,40140,65535,65535
865,829440,34400,35749,29295,24473,35579,40140,65535,65535
866,830400,34400,35749,29295,24473,35579,40140,65535,65535
867,831360,34400,35749,29295,24473,35579,40140,65535,65535
868,832320,34400,35749,29295,24473,35579,40140,65535,65535
869,833280,34400,35749,29295,24473,35579,40140,65535,65535
870,834240,34400,35749,29295,24473,35579,40140,65535,65535
871,835200,34400,35749,29295,24473,35579,40140,65535,65535
872,836160,34400,35749,29295,24473,35579,40140,65535,65535
873,837120,34400,35749,29295,24473,35579,40140,65535,65535
874,838080,34400,35749,29295,24473,35579,40140,65535,65535
875,839040,34400,35749,29295,24473,35579,40140,65535,65535
876,840000,34400,35749,29295,24473,35579,40140,65535,65535
877,840960,34400,35749,29295,24473,35579,40140,65535,65535
878,841920,34400,35749,29295,24473,35579,40140,65535,65535
879,842880,34400,35749,29295,24473,35579,40140,65535,65535
880,843840,34400,35749,29295,24473,35579,40140,65535,65535
881,844800,34400,35749,29295,24473,35579,40140,65535,65535
882,845760,34400,35749,29295,24473,35579,40140,65535,65535
883,846720,34400,35749,29295,24473,35579,40140,65535,65535
884,847680,34400,35749,29295,24473,35579,40140,65535,65535
885,848640,34400,35749,29295,24473,35579,40140,65535,65535
886,849600,34400,35749,29295,24473,35579,40140,65535,65535
887,850560,34400,35749,29295,24473,35579,40140,65535,65535
888,851520,34400,35749,29295,24473,35579,40140,65535,65535
889,852480,34400,35749,29295,24473,35579,40140,65535,65535
890,853440,34400,35749,29295,24473,35579,40140,65535,65535
891,854400,34400,35749,29295,24473,35579,40140,65535,65535
892,855360,34400,35749,29295,24473,35579,40140,65535,65535
893,856320,34400,35749,29295,24473,35579,40140,65535,65535
894,857280,34400,35749,29295,24473,35579,40140,65535,65535
895,858240,34400,35749,29295,24473,35579,40140,65535,65535
896,859200,34400,35749,29295,24473,35579,40140,65535,65535
897,860160,34400,35749,29295,24473,35579,40140,65535,65535
898,861120,34400,35749,29295,24473,35579,40140,65535,65535
899,862080,34400,35749,29295,24473,35579,40140,65535,65535
900,863040,34400,35749,29295,24473,35579,40140,65535,65535
901,864000,34400,35749,29295,24473,35579,40140,65535,65535
902,864960,34400,35749,29295,24473,35579,40140,65535,65535
903,865920,34400,35749,29295,24473,35579,40140,65535,65535
904,866880,34400,35749,29295,24473,35579,40140,65535,65535
905,867840,34400,35749,29295,24473,35579,40140,65535,65535
906,868800,34400,35749,29295,24473,35579,40140,65535,65535
907,869760,34400,35749,29295,24473,35579,40140,65535,65535
908,870720,34400,35749,29295,24473,35579,40140,65535,65535
909,871680,34400,35749,29295,24473,35579,40140,65535,65535
910,872640,34400,35749,29295,24473,35579,40140,65535,65535
911,873600,34400,35749,29295,24473,35579,40140,65535,65535
912,874560,34400,35749,29295,24473,35579,40140,65535,65535
913,875520,34400,35749,29295,24473,35579,40140,65535,65535
914,876480,34400,35749,29295,24473,35579,40140,65535,65535
915,877440,34400,35749,29295,24473,35579,40140,65535,65535
916,878400,34400,35749,29295,24473,35579,40140,65535,65535
917,879360,34400,35749,29295,24473,35579,40140,65535,65535
918,880320,34400,35749,29295,24473,35579,40140,65535,65535
919,881280,34400,35749,29295,24473,35579,40140,65535,65535
920,882240,34400,35749,29295,24473,35579,40140,65535,65535
921,883200,34400,35749,29295,24473,35579,40140,65535,65535
922,884160,34400,35749,29295,24473,35579,40140,65535,65535
923,885120,34400,35749,29295,24473,35579,40140,65535,65535
924,886080,34400,35749,29295,24473,35579,40140,65535,65535
925,887040,34400,35749,29295,24473,35579,40140,65535,65535
926,888000,34400,35749,29295,24473,35579,40140,65535,65535
927,888960,34400,35749,29295,24473,35579,40140,65535,65535
928,889920,34400,35749,29295,24473,35579,40140,65535,65535
929,890880,34400,35749,29295,24473,35579,40140,65535,65535
930,891840,34400,35749,29295,24473,35579,40140,65535,65535
931,892800,34400,35749,29295,24473,35579,40140,65535,65535
932,893760,34400,35749,29295,24473,35579,40140,65535,65535
933,894720,34400,35749,29295,24473,35579,40140,65535,65535
934,895680,34400,35749,29295,24473,35579,40140,65535,65535
935,896640,34400,35749,29295,24473,35579,40140,65535,65535
936,897600,34400,35749,29295,24473,35579,40140,65535,65535
937,898560,34400,35749,29295,24473,35579,40140,65535,65535
938,899520,34400,35749,29295,24473,35579,40140,65535,65535
939,900480,34400,35749,29295,24473,35579,40140,65535,65535
940,901440,34400,35749,29295,24473,35579,40140,65535,65535
941,902400,34400,35749,29295,24473,35579,40140,65535,65535
942,903360,34400,35749,29295,24473,35579,40140,65535,65535
943,904320,34400,35749,29295,24473,35579,40140,65535,65535
944,905280,34400,35749,29295,24473,35579,40140,65535,65535
945,906240,34400,35749,29295,24473,35579,40140,65535,65535
946,907200,34400,35749,29295,24473,35579,40140,65535,65535
947,908160,34400,35749,29295,24473,35579,40140,65535,65535
948,909120,34400,35749,29295,24473,35579,40140,65535,65535
949,910080,34400,35749,29295,24473,35579,40140,65535,65535
950,911040,34400,35749,29295,24473,35579,40140,65535,65535
951,912000,34400,35749,29295,24473,35579,40140,65535,65535
952,912960,34400,35749,29295,24473,35579,40140,65535,65535
953,913920,34400,35749,29295,24473,35579,40140,65535,65535
954,914880,34400,35749,29295,24473,35579,40140,65535,65535
955,915840,34400,35749,29295,24473,35579,40140,65535,65535
956,916800,34400,35749,29295,24473,35579,40140,65535,65535
957,917760,34400,35749,29295,24473,35579,40140,65535,65535
958,918720,34400,35749,29295,24473,35579,40140,65535,65535
959,919680,34400,35749,29295,24473,35579,40140,65535,65535
960,920640,34400,35749,29295,24473,35579,40140,65535,65535
961,921600,34400,35749,29295,24473,35579,40140,65535,65535
962,922560,34400,35749,29295,24473,35579,40140,65535,65535
963,923520,34400,35749,29295,24473,35579,40140,65535,65535
964,924480,34400,35749,29295,24473,35579,40140,65535,65535
965,925440,34400,35749,29295,24473,35579,40140,65535,65535
966,926400,34400,35749,29295,24473,35579,40140,65535,65535
967,927360,34400,35749,29295,24473,35579,40140,65535,65535
968,928320,34400,35749,29295,24473,35579,40140,65535,65535
969,929280,34400,35749,29295,24473,35579,40140,65535,65535
970,930240,34400,35749,29295,24473,35579,40140,65535,65535
971,931200,34400,35749,29295,24473,35579,40140,65535,65535
972,932160,34400,35749,29295,24473,35579,40140,65535,65535
973,933120,34400,35749,29295,24473,35579,40140,65535,65535
974,934080,34400,35749,29295,24473,35579,40140,65535,65535
975,935040,34400,35749,29295,24473,35579,40140,65535,65535
976,936000,34400,35749,29295,24473,35579,40140,65535,65535
977,936960,34400,35749,29295,24473,35579,40140,65535,65535
978,937920,34400,35749,29295,24473,35579,40140,65535,65535
979,938880,34400,35749,29295,24473,35579,40140,65535,65535
980,939840,34400,35749,29295,24473,35579,40140,65535,65535
981,940800,34400,35749,29295,24473,35579,40140,65535,65535
982,941760,34400,35749,29295,24473,35579,40140,65535,65535
983,942720,34400,35749,29295,24473,35579,40140,65535,65535
984,943680,34400,35749,29295,24473,35579,40140,65535,65535
985,944640,34400,35749,29295,24473,35579,40140,65535,65535
986,945600,34400,35749,29295,24473,35579,40140,65535,65535
987,946560,34400,35749,29295,24473,35579,40140,65535,65535
988,947520,34400,35749,29295,24473,35579,40140,65535,65535
989,948480,34400,35749,29295,24473,35579,40140,65535,65535
990,949440,34400,35749,29295,24473,35579,40140,65535,65535
991,950400,34400,35749,29295,24473,35579,40140,65535,65535
992,951360,34400,35749,29295,24473,35579,40140,65535,65535
993,952320,34400,35749,29295,24473,35579,40140,65535,65535
994,953280,34400,35749,29295,24473,35579,40140,65535,65535
995,954240,34400,35749,29295,24473,35579,40140,65535,65535
996,955200,34400,35749,29295,24473,35579,40140,65535,65535
997,956160,34400,35749,29295,24473,35579,40140,65535,65535
998,957120,34400,35749,29295,24473,35579,40140,65535,65535
999,958080,34400,35749,29295,24473,35579,40140,65535,65535
1000,959040,34400,35749,29295,24473,35579,40140,65535,65535
1001,960000,34400,35749,29295,24473,35579,40140,65535,65535
1002,960960,34400,35749,29295,24473,35579,40140,65535,65535
1003,961920,34400,35749,29295,24473,35579,40140,65535,65535
1004,962880,34400,35749,29295,24473,35579,40140,65535,65535
1005,963840,34400,35749,29295,24473,35579,40140,65535,65535
1006,964800,34400,35749,29295,24473,35579,40140,65535,65535
1007,965760,34400,35749,29295,24473,35579,40140,65535,65535
1008,966720,34400,35749,29295,24473,35579,40140,65535,65535
1009,967680,34400,35749,29295,24473,35579,40140,65535,65535
1010,968640,34400,35749,29295,24473,35579,40140,65535,65535
1011,969600,34400,35749,29295,24473,35579,40140,65535,65535
1012,970560,34400,35749,29295,24473,35579,40140,65535,65535
1013,971520,34400,35749,29295,24473,35579,40140,65535,65535
1014,972480,34400,35749,29295,24473,35579,40140,65535,65535
1015,973440,34400,35749,29295,24473,35579,40140,65535,65535
1016,974400,34400,35749,29295,24473,35579,40140,65535,65535
1017,975360,34400,35749,29295,24473,35579,40140,65535,65535
1018,976320,34400,35749,29295,24473,35579,40140,65535,65535
1019,977280,34400,35749,29295,24473,35579,40140,65535,65535
1020,978240,34400,35749,29295,24473,35579,40140,65535,65535
1021,979200,34400,35749,29295,24473,35579,40140,65535,65535
1022,980160,34400,35749,29295,24473,35579,40140,65535,65535
1023,981120,34400,35749,29295,24473,35579,40140,65535,65535
1024,982080,34400,35749,29295,24473,35579,40140,65535,65535
1025,983040,34400,35749,29295,24473,35579,40140,65535,65535
1026,984000,34400,35749,29295,24473,35579,40140,65535,65535
1027,984960,34400,35749,29295,24473,35579,40140,65535,65535
1028,985920,34400,35749,29295,24473,35579,40140,65535,65535
1029,986880,34400,35749,29295,24473,35579,40140,65535,65535
1030,987840,34400,35749,29295,24473,35579,40140,65535,65535
1031,988800,34400,35749,29295,24473,35579,40140,65535,65535
1032,989760,34400,35749,29295,24473,35579,40140,65535,65535
1033,990720,34400,35749,29295,24473,35579,40140,65535,65535
1034,991680,34400,35749,29295,24473,35579,40140,65535,65535
1035,992640,34400,35749,29295,24473,35579,40140,65535,65535
1036,993600,34400,35749,29295,24473,35579,40140,65535,65535
1037,994560,34400,35749,29295,24473,35579,40140,65535,65535
1038,995520,34400,35749,29295,24473,35579,40140,65535,65535
1039,996480,34400,35749,29295,24473,35579,40140,65535,65535
1040,997440,34400,35749,29295,24473,35579,40140,65535,65535
1041,998400,34400,35749,29295,24473,35579,40140,65535,65535
1042,999360,34400,35749,29295,24473,35579,40140,65535,65535
