1,0,34202,39835,29433,27695,65381,1421,0,0
2,960,34843,39114,28910,28230,63790,3861,0,0
3,1920,35524,38371,28542,28578,59643,8755,0,0
4,2880,36183,37673,28362,28707,53315,15662,0,0
5,3840,36761,37084,28387,28605,45378,23959,0,0
6,4800,37206,36656,28613,28282,36546,32895,0,0
7,5760,37476,36428,29021,27767,27619,41666,0,0
8,6720,37549,36421,29574,27106,19401,49478,0,0
9,7680,37417,36635,30221,26359,12635,55626,0,0
10,8640,37093,37052,30905,25594,7931,59557,0,0
11,9600,36604,37632,31564,24880,5714,60914,0,0
12,10560,35997,38325,32138,24280,6185,59576,0,0
13,11520,35325,39067,32575,23849,9299,55662,0,0
14,12480,34649,39792,32836,23627,14778,49527,0,0
15,13440,34031,40434,32897,23632,22125,41724,0,0
16,14400,33525,40935,32754,23866,30678,32958,0,0
17,15360,33178,41249,32418,24305,39664,24020,0,0
18,16320,33021,41350,31920,24912,48273,15716,0,0
19,17280,33068,41226,31305,25631,55727,8797,0,0
20,18240,33315,40890,30629,26397,61353,3887,0,0
21,19200,33740,40373,29953,27141,64644,1429,0,0
22,20160,34303,39719,29337,27796,65303,1645,0,0
23,21120,34956,38990,28837,28302,63269,4516,0,0
24,22080,35637,38250,28499,28615,58727,9782,0,0
25,23040,36287,37566,28352,28706,52086,16968,0,0
26,24000,36846,37000,28411,28566,43947,25425,0,0
27,24960,37264,36603,28669,28208,35043,34391,0,0
28,25920,37503,36411,29104,27665,26179,43055,0,0
29,26880,37541,36441,29676,26986,18154,50635,0,0
30,27840,37376,36691,30334,26231,11694,56448,0,0
31,28800,37022,37138,31018,25470,7381,59968,0,0
32,29760,36510,37742,31667,24770,5604,60878,0,0
33,30720,35888,38447,32221,24195,6525,59095,0,0
34,31680,35211,39191,32631,23797,10059,54781,0,0
35,32640,34541,39906,32860,23612,15888,48325,0,0
36,33600,33937,40528,32888,23656,23486,40310,0,0
37,34560,33455,41001,32711,23925,32167,31459,0,0
38,35520,33138,41281,32345,24396,41147,22571,0,0
39,36480,33015,41344,31824,25026,49615,14449,0,0
40,37440,33096,41184,31195,25757,56807,7825,0,0
41,38400,33374,40816,30515,26524,62075,3298,0,0
42,39360,33825,40272,29844,27258,64941,1277,0,0
43,40320,34407,39601,29244,27892,65148,1943,0,0
44,41280,35069,38865,28768,28369,62678,5237,0,0
45,42240,35749,38130,28460,28646,57752,10862,0,0
46,43200,36388,37462,28348,28698,50815,18309,0,0
47,44160,36926,36921,28440,28521,42495,26906,0,0
48,45120,37317,36556,28730,28130,33541,35877,0,0
49,46080,37523,36401,29191,27560,24762,44413,0,0
50,47040,37528,36468,29782,26864,16951,51743,0,0
51,48000,37329,36753,30448,26103,10813,57205,0,0
52,48960,36946,37229,31130,25347,6902,60306,0,0
53,49920,36413,37854,31767,24664,5570,60766,0,0
54,50880,35777,38570,32301,24115,6938,58544,0,0
55,51840,35097,39314,32683,23751,10883,53840,0,0
56,52800,34434,40018,32879,23603,17049,47079,0,0
57,53760,33847,40619,32872,23686,24878,38872,0,0
58,54720,33390,41062,32662,23991,33665,29958,0,0
59,55680,33104,41307,32268,24492,42615,21143,0,0
60,56640,33014,41333,31726,25142,50921,13223,0,0
61,57600,33129,41137,31084,25884,57834,6912,0,0
62,58560,33438,40736,30401,26651,62729,2780,0,0
63,59520,33914,40167,29738,27372,65164,1200,0,0
64,60480,34514,39481,29155,27984,64919,2315,0,0
65,61440,35183,38741,28704,28430,62018,6024,0,0
66,62400,35860,38012,28427,28671,56720,11993,0,0
67,63360,36486,37361,28349,28684,49506,19682,0,0
68,64320,37003,36847,28476,28470,41025,28397,0,0
69,65280,37365,36515,28796,28046,32044,37352,0,0
70,66240,37538,36396,29282,27451,23373,45738,0,0
71,67200,37508,36501,29889,26739,15795,52799,0,0
72,68160,37277,36820,30562,25975,9994,57896,0,0
73,69120,36866,37324,31241,25226,6494,60570,0,0
74,70080,36312,37968,31865,24562,5611,60580,0,0
75,71040,35665,38694,32376,24041,7424,57924,0,0
76,72000,34984,39436,32729,23710,11770,52842,0,0
77,72960,34329,40127,32892,23601,18256,45793,0,0
78,73920,33761,40705,32851,23721,26297,37414,0,0
79,74880,33329,41117,32608,24062,35167,28460,0,0
80,75840,33074,41327,32187,24591,44066,19741,0,0
81,76800,33019,41316,31624,25261,52189,12042,0,0
82,77760,33168,41083,30971,26012,58804,6059,0,0
83,78720,33507,40652,30287,26776,63314,2333,0,0
84,79680,34007,40059,29633,27483,65312,1199,0,0
85,80640,34622,39360,29069,28071,64616,2760,0,0
86,81600,35297,38617,28645,28485,61291,6875,0,0
87,82560,35970,37897,28400,28689,55635,13172,0,0
88,83520,36581,37264,28356,28664,48161,21084,0,0
89,84480,37075,36778,28516,28413,39541,29895,0,0
90,85440,37407,36480,28867,27957,30556,38811,0,0
91,86400,37548,36398,29376,27339,22014,47026,0,0
92,87360,37484,36540,29998,26614,14689,53799,0,0
93,88320,37221,36892,30677,25847,9240,58519,0,0
94,89280,36783,37423,31351,25108,6160,60760,0,0
95,90240,36210,38085,31959,24463,5727,60318,0,0
96,91200,35553,38818,32447,23971,7980,57235,0,0
97,92160,34871,39556,32770,23676,12716,51789,0,0
98,93120,34227,40233,32900,23605,19506,44470,0,0
99,94080,33678,40786,32824,23764,27739,35940,0,0
100,95040,33274,41167,32550,24138,36670,26969,0,0
101,96000,33051,41341,32102,24694,45494,18367,0,0
102,96960,33030,41292,31520,25383,53414,10909,0,0
103,97920,33212,41024,30858,26140,59716,5270,0,0
104,98880,33580,40563,30174,26899,63829,1958,0,0
105,99840,34103,39949,29532,27591,65384,1273,0,0
106,100800,34732,39237,28988,28153,64239,3276,0,0
107,101760,35411,38493,28591,28534,60498,7786,0,0
108,102720,36078,37783,28378,28701,54499,14396,0,0
109,103680,36673,37172,28368,28638,46783,22510,0,0
110,104640,37143,36714,28562,28350,38047,31395,0,0
111,105600,37445,36451,28942,27864,29080,40249,0,0
112,106560,37551,36407,29473,27224,20690,48273,0,0
113,107520,37453,36585,30109,26487,13635,54742,0,0
114,108480,37159,36970,30791,25720,8552,59073,0,0
115,109440,36695,37526,31458,24992,5901,60874,0,0
116,110400,36104,38204,32050,24369,5919,59983,0,0
117,111360,35439,38943,32513,23908,8606,56481,0,0
118,112320,34760,39675,32806,23648,13719,50683,0,0
119,113280,34127,40335,32902,23616,20797,43113,0,0
120,114240,33599,40863,32792,23812,29200,34454,0,0
121,115200,33223,41211,32486,24219,38170,25488,0,0
122,116160,33033,41348,32013,24802,46897,17024,0,0
123,117120,33046,41262,31414,25506,54594,9827,0,0
124,118080,33261,40960,30744,26269,60566,4546,0,0
125,119040,33658,40470,30063,27021,64273,1657,0,0
126,120000,34202,39835,29433,27695,65381,1422,0,0
127,120960,34843,39114,28910,28230,63790,3862,0,0
128,121920,35524,38371,28542,28578,59643,8756,0,0
129,122880,36183,37673,28362,28707,53315,15663,0,0
130,123840,36761,37084,28387,28605,45378,23959,0,0
131,124800,37206,36656,28613,28282,36547,32895,0,0
132,125760,37476,36428,29021,27767,27620,41665,0,0
133,126720,37549,36421,29574,27106,19402,49477,0,0
134,127680,37417,36635,30221,26360,12636,55626,0,0
135,128640,37093,37052,30905,25594,7932,59556,0,0
136,129600,36604,37632,31564,24880,5715,60913,0,0
137,130560,35997,38325,32137,24280,6185,59575,0,0
138,131520,35325,39067,32575,23849,9300,55662,0,0
139,132480,34649,39792,32836,23627,14778,49527,0,0
140,133440,34031,40434,32897,23633,22125,41725,0,0
141,134400,33525,40934,32754,23866,30677,32959,0,0
142,135360,33178,41249,32418,24306,39663,24021,0,0
143,136320,33021,41349,31920,24912,48272,15718,0,0
144,137280,33068,41226,31306,25631,55726,8799,0,0
145,138240,33315,40890,30629,26397,61352,3888,0,0
146,139200,33740,40373,29953,27141,64643,1430,0,0
147,140160,34303,39719,29337,27796,65302,1646,0,0
148,141120,34956,38990,28837,28302,63269,4516,0,0
149,142080,35637,38250,28499,28615,58727,9782,0,0
150,143040,36287,37566,28352,28706,52087,16968,0,0
151,144000,36846,37000,28411,28566,43947,25425,0,0
152,144960,37264,36603,28669,28208,35044,34390,0,0
153,145920,37503,36411,29104,27665,26180,43054,0,0
154,146880,37541,36442,29676,26986,18156,50634,0,0
155,147840,37376,36691,30334,26231,11695,56447,0,0
156,148800,37021,37138,31018,25470,7382,59967,0,0
157,149760,36510,37742,31667,24770,5606,60877,0,0
158,150720,35888,38447,32221,24195,6526,59094,0,0
159,151680,35211,39191,32631,23797,10060,54781,0,0
160,152640,34541,39906,32860,23612,15889,48325,0,0
161,153600,33937,40528,32888,23656,23486,40310,0,0
162,154560,33455,41001,32711,23926,32167,31459,0,0
163,155520,33138,41281,32345,24396,41146,22572,0,0
164,156480,33015,41344,31824,25026,49614,14450,0,0
165,157440,33096,41184,31195,25757,56806,7826,0,0
166,158400,33374,40816,30515,26524,62074,3300,0,0
167,159360,33825,40272,29844,27258,64940,1278,0,0
168,160320,34407,39601,29244,27892,65148,1944,0,0
169,161280,35069,38865,28768,28369,62677,5238,0,0
170,162240,35749,38130,28460,28646,57752,10862,0,0
171,163200,36388,37462,28348,28698,50816,18309,0,0
172,164160,36926,36921,28440,28521,42495,26905,0,0
173,165120,37317,36556,28730,28130,33542,35877,0,0
174,166080,37523,36401,29191,27560,24764,44412,0,0
175,167040,37528,36468,29782,26864,16953,51742,0,0
176,168000,37329,36753,30448,26103,10814,57204,0,0
177,168960,36946,37229,31130,25347,6903,60305,0,0
178,169920,36413,37854,31767,24664,5571,60765,0,0
179,170880,35777,38570,32301,24115,6939,58543,0,0
180,171840,35097,39314,32683,23751,10884,53840,0,0
181,172800,34434,40018,32879,23603,17049,47079,0,0
182,173760,33847,40619,32872,23686,24878,38872,0,0
183,174720,33390,41062,32662,23991,33664,29959,0,0
184,175680,33104,41307,32268,24492,42614,21144,0,0
185,176640,33014,41333,31726,25142,50921,13224,0,0
186,177600,33129,41137,31084,25884,57833,6913,0,0
187,178560,33438,40736,30401,26651,62728,2781,0,0
188,179520,33914,40167,29738,27372,65163,1201,0,0
189,180480,34514,39482,29155,27983,64919,2316,0,0
190,181440,35182,38741,28704,28430,62017,6025,0,0
191,182400,35860,38012,28427,28671,56720,11993,0,0
192,183360,36486,37361,28349,28684,49506,19682,0,0
193,184320,37003,36847,28476,28470,41026,28396,0,0
194,185280,37365,36515,28796,28046,32045,37351,0,0
195,186240,37538,36396,29282,27451,23374,45737,0,0
196,187200,37508,36501,29889,26740,15797,52797,0,0
197,188160,37277,36820,30562,25975,9996,57895,0,0
198,189120,36866,37324,31241,25227,6496,60569,0,0
199,190080,36312,37968,31865,24562,5612,60579,0,0
200,191040,35666,38694,32376,24041,7425,57923,0,0
201,192000,34984,39436,32729,23711,11770,52842,0,0
202,192960,34329,40127,32892,23601,18256,45793,0,0
203,193920,33761,40705,32851,23722,26297,37414,0,0
204,194880,33329,41117,32608,24062,35166,28461,0,0
205,195840,33075,41327,32187,24591,44065,19742,0,0
206,196800,33019,41315,31624,25261,52188,12043,0,0
207,197760,33168,41083,30971,26012,58803,6061,0,0
208,198720,33507,40652,30287,26776,63313,2334,0,0
209,199680,28380,33451,35267,34254,65491,1681,65535,0
210,200640,17422,27580,46262,40450,65535,0,65535,0
211,201600,14787,21582,48948,46551,64997,967,65535,0
212,202560,8811,13758,55074,54098,63295,7019,65535,0
213,203520,754,5488,63691,61986,56326,14461,65535,0
214,204480,0,896,65535,65535,42062,28332,65535,0
215,205440,3093,0,63697,64906,25415,46493,65535,0
216,206400,7431,3175,60515,60534,10023,59349,65535,0
217,207360,14677,9058,54006,54099,0,63666,65535,0
218,208320,23272,17523,45281,45214,1294,65535,65535,0
219,209280,30720,24895,37237,37865,8773,62599,65535,0
220,210240,37874,32601,29720,30920,13187,50933,65535,0
221,211200,45620,40043,21350,23829,21029,44140,65535,0
222,212160,53210,47204,13357,16863,25950,39280,65535,0
223,213120,59488,53870,6993,10476,26781,33613,65535,0
224,214080,63800,59218,2281,5297,31826,29707,65535,0
225,215040,64883,62233,586,2727,39816,23413,65535,0
226,216000,62197,61813,2705,3871,47384,15093,65535,0
227,216960,56298,58012,8004,8185,55547,10460,65535,0
228,217920,48947,52313,14964,14266,61051,8047,65535,0
229,218880,41643,46165,22308,21022,60862,3156,65535,0
230,219840,34064,39369,29862,28077,61563,2583,65535,0
231,220800,26591,32218,37251,35226,63015,5180,65535,0
232,221760,19171,24676,44910,42939,60232,5898,65535,0
233,222720,12266,16963,52029,50426,57745,11336,65535,0
234,223680,7084,10021,57748,56739,50946,21190,65535,0
235,224640,4964,5402,60987,60392,36346,34141,65535,0
236,225600,6374,4416,60714,60060,21335,49917,65535,0
237,226560,11326,7651,56720,55777,8518,61017,65535,0
238,227520,18448,13979,50143,49025,1030,63689,65535,0
239,228480,25689,21113,42712,41643,3168,64012,65535,0
240,229440,32831,28429,34981,34449,10575,59945,65535,0
241,230400,40169,35833,27279,27734,15007,49219,65535,0
242,231360,47434,42916,19457,20962,21981,43030,65535,0
243,232320,54618,49918,11930,14140,26134,38406,65535,0
244,233280,60727,56400,5694,7937,27509,32798,65535,0
245,234240,64430,61411,1507,3192,33688,27892,65535,0
246,235200,64707,63698,576,1459,42275,20572,65535,0
247,236160,61429,62542,3259,3332,50239,12610,65535,0
248,237120,55230,58156,8908,8153,57757,9107,65535,0
249,238080,47845,52145,16054,14494,61251,7407,65535,0
250,239040,40582,45809,23508,21284,59088,4377,65535,0
251,240000,33067,38911,31059,28195,58979,6729,65535,0
252,240960,25663,31812,38536,35226,58365,10072,65535,0
253,241920,18262,24390,46222,42737,54983,11713,65535,0
254,242880,11564,16978,53118,49864,52698,17719,65535,0
255,243840,6802,10581,58445,55689,45509,26707,65535,0
256,244800,5212,6689,61068,58690,32012,38546,65535,0
257,245760,7160,6481,60093,57737,19137,52196,65535,0
258,246720,12537,10321,55518,53094,8338,60205,65535,0
259,247680,19779,16813,48644,46324,3168,61116,65535,0
260,248640,26951,23807,41136,39130,7233,60927,65535,0
261,249600,34193,31048,33367,32121,13820,55597,65535,0
262,250560,41546,38289,25681,25511,17852,45612,65535,0
263,251520,48884,45312,17817,18681,24399,40826,65535,0
264,252480,55979,52248,10475,11924,27299,36224,65535,0
265,253440,61768,58544,4524,5894,29143,30852,65535,0
266,254400,64912,63128,823,1615,36323,25624,65535,0
267,255360,64564,64761,533,600,44710,17811,65535,0
268,256320,60621,62801,3903,3214,52436,10856,65535,0
269,257280,53994,57768,10064,8554,58864,9086,65535,0
270,258240,46573,51505,17416,15093,60142,8122,65535,0
271,259200,39265,44978,25036,21927,56386,6883,65535,0
272,260160,31685,37968,32693,28753,55737,11565,65535,0
273,261120,24256,30896,40314,35750,53570,14987,65535,0
274,262080,16857,23569,47988,43122,50307,17111,65535,0
275,263040,10359,16432,54652,49960,48442,23181,65535,0
276,264000,6046,10556,59545,55335,41028,31156,65535,0
277,264960,5060,7405,61463,57658,28837,41972,65535,0
278,265920,7682,8034,59672,56029,17786,53449,65535,0
279,266880,13581,12535,54438,50959,8774,58484,65535,0
280,267840,21013,19231,47199,44100,5884,57971,65535,0
281,268800,28252,26191,39501,36978,11567,57352,65535,0
282,269760,35683,33442,31616,30070,17181,50728,65535,0
283,270720,43107,40578,23866,23477,21107,41808,65535,0
284,271680,50564,47597,15926,16552,27087,38164,65535,0
285,272640,57572,54470,8762,9856,28800,33620,65535,0
286,273600,63006,60541,3126,4025,31210,28631,65535,0
287,274560,65535,64623,0,276,38932,23260,65535,0
288,275520,64516,65535,427,0,46736,15504,65535,0
289,276480,59867,62732,4549,3342,53889,10206,65535,0
290,277440,52780,57077,11280,9173,58895,10182,65535,0
291,278400,45285,50599,18887,15888,57787,9751,65535,0
292,279360,37838,43872,26715,22771,53150,10346,65535,0
293,280320,30157,36780,34495,29546,52203,16604,65535,0
294,281280,22625,29712,42299,36582,48996,19545,65535,0
295,282240,15228,22466,49919,43842,46418,21978,65535,0
296,283200,8963,15597,56322,50427,44904,27792,65535,0
297,284160,5150,10243,60735,55343,37208,34835,65535,0
298,285120,4792,7839,61916,56982,26409,44657,65535,0
299,286080,8168,9337,59251,54649,16916,53881,65535,0
300,287040,14639,14505,53314,49129,9585,56137,65535,0
301,288000,22247,21374,45730,42167,8912,54737,65535,65535
302,288960,29622,28365,37800,35063,15852,53541,65535,65535
303,289920,35283,35993,30701,28557,25346,41344,65535,65535
304,290880,35283,38873,30624,26153,32587,31060,65535,65535
305,291840,35283,38873,30624,26153,35482,31060,65535,65535
306,292800,35283,38873,30624,26153,35482,31060,65535,65535
307,293760,35283,38873,30624,26153,35482,31060,65535,65535
308,294720,35283,38873,30624,26153,35482,31060,65535,65535
309,295680,35283,38873,30624,26153,35482,31059,65535,65535
310,296640,35283,38873,30624,26153,35482,31059,65535,65535
311,297600,35283,38873,30624,26153,35482,31059,65535,65535
312,298560,35283,38873,30624,26153,35482,31059,65535,65535
313,299520,35283,38873,30624,26153,35482,31060,65535,65535
314,300480,35283,38873,30624,26153,35482,31060,65535,65535
315,301440,35283,38873,30624,26153,35482,31060,65535,65535
316,302400,35283,38873,30624,26153,35482,31060,65535,65535
317,303360,35283,38873,30624,26153,35482,31060,65535,65535
318,304320,35283,38873,30624,26153,35482,31060,65535,65535
319,305280,35283,38873,30624,26153,35482,31060,65535,65535
320,306240,35283,38873,30624,26153,35482,31060,65535,65535
321,307200,35283,38873,30624,26153,35482,31060,65535,65535
322,308160,35283,38873,30624,26153,35482,31060,65535,65535
323,309120,35283,38873,30624,26153,35482,31060,65535,65535
324,310080,35283,38873,30624,26153,35482,31060,65535,65535
325,311040,35283,38873,30624,26153,35482,31060,65535,65535
326,312000,35283,38873,30624,26153,35482,31060,65535,65535
327,312960,35283,38873,30624,26153,35482,31060,65535,65535
328,313920,35283,38873,30624,26153,35482,31060,65535,65535
329,314880,35283,38873,30624,26153,35482,31060,65535,65535
330,315840,35283,38873,30624,26153,35482,31059,65535,65535
331,316800,35283,38873,30624,26153,35482,31059,65535,65535
332,317760,35283,38873,30624,26153,35482,31059,65535,65535
333,318720,35283,38873,30624,26153,35482,31060,65535,65535
334,319680,35283,38873,30624,26153,35482,31060,65535,65535
335,320640,35283,38873,30624,26153,35482,31060,65535,65535
336,321600,35283,38873,30624,26153,35482,31060,65535,65535
337,322560,35283,38873,30624,26153,35482,31060,65535,65535
338,323520,35283,38873,30624,26153,35482,31060,65535,65535
339,324480,35283,38873,30624,26153,35482,31060,65535,65535
340,325440,35283,38873,30624,26153,35482,31060,65535,65535
341,326400,35283,38873,30624,26153,35482,31060,65535,65535
342,327360,35283,38873,30624,26153,35482,31060,65535,65535
343,328320,35283,38873,30624,26153,35482,31060,65535,65535
344,329280,35283,38873,30624,26153,35482,31060,65535,65535
345,330240,35283,38873,30624,26153,35482,31060,65535,65535
346,331200,35283,38873,30624,26153,35482,31060,65535,65535
347,332160,35283,38873,30624,26153,35482,31060,65535,65535
348,333120,35283,38873,30624,26153,35482,31060,65535,65535
349,334080,35283,38873,30624,26153,35482,31060,65535,65535
350,335040,35283,38873,30624,26153,35482,31059,65535,65535
351,336000,35283,38873,30624,26153,35482,31059,65535,65535
352,336960,35283,38873,30624,26153,35482,31059,65535,65535
353,337920,35283,38873,30624,26153,35482,31059,65535,65535
354,338880,35283,38873,30624,26153,35482,31060,65535,65535
355,339840,35283,38873,30624,26153,35482,31060,65535,65535
356,340800,35283,38873,30624,26153,35482,31060,65535,65535
357,341760,35283,38873,30624,26153,35482,31060,65535,65535
358,342720,35283,38873,30624,26153,35482,31060,65535,65535
359,343680,35283,38873,30624,26153,35482,31060,65535,65535
360,344640,35283,38873,30624,26153,35482,31060,65535,65535
361,345600,35283,38873,30624,26153,35482,31060,65535,65535
362,346560,35283,38873,30624,26153,35482,31060,65535,65535
363,347520,35283,38873,30624,26153,35482,31060,65535,65535
364,348480,35283,38873,30624,26153,35482,31060,65535,65535
365,349440,35283,38873,30624,26153,35482,31060,65535,65535
366,350400,35283,38873,30624,26153,35482,31060,65535,65535
367,351360,35283,38873,30624,26153,35482,31060,65535,65535
368,352320,35283,38873,30624,26153,35482,31060,65535,65535
369,353280,35283,38873,30624,26153,35482,31060,65535,65535
370,354240,35283,38873,30624,26153,35482,31060,65535,65535
371,355200,35283,38873,30624,26153,35482,31059,65535,65535
372,356160,35283,38873,30624,26153,35482,31059,65535,65535
373,357120,35283,38873,30624,26153,35482,31059,65535,65535
374,358080,35283,38873,30624,26153,35482,31059,65535,65535
375,359040,35283,38873,30624,26153,35482,31060,65535,65535
376,360000,35283,38873,30624,26153,35482,31060,65535,65535
377,360960,35283,38873,30624,26153,35482,31060,65535,65535
378,361920,35283,38873,30624,26153,35482,31060,65535,65535
379,362880,35283,38873,30624,26153,35482,31060,65535,65535
380,363840,35283,38873,30624,26153,35482,31060,65535,65535
381,364800,35283,38873,30624,26153,35482,31060,65535,65535
382,365760,35283,38873,30624,26153,35482,31060,65535,65535
383,366720,35283,38873,30624,26153,35482,31060,65535,65535
384,367680,35283,38873,30624,26153,35482,31060,65535,65535
385,368640,35283,38873,30624,26153,35482,31060,65535,65535
386,369600,35283,38873,30624,26153,35482,31060,65535,65535
387,370560,35283,38873,30624,26153,35482,31060,65535,65535
388,371520,35283,38873,30624,26153,35482,31060,65535,65535
389,372480,35283,38873,30624,26153,35482,31060,65535,65535
390,373440,35283,38873,30624,26153,35482,31060,65535,65535
391,374400,35283,38873,30624,26153,35482,31060,65535,65535
392,375360,35283,38873,30624,26153,35482,31059,65535,65535
393,376320,35283,38873,30624,26153,35482,31059,65535,65535
394,377280,35283,38873,30624,26153,35482,31059,65535,65535
395,378240,35283,38873,30624,26153,35482,31059,65535,65535
396,379200,35283,38873,30624,26153,35482,31060,65535,65535
397,380160,35283,38873,30624,26153,35482,31060,65535,65535
398,381120,35283,38873,30624,26153,35482,31060,65535,65535
399,382080,35283,38873,30624,26153,35482,31060,65535,65535
400,383040,35283,38873,30624,26153,35482,31060,65535,65535
401,384000,35283,38873,30624,26153,35482,31060,65535,65535
402,384960,35283,38873,30624,26153,35482,31060,65535,65535
403,385920,35283,38873,30624,26153,35482,31060,65535,65535
404,386880,35283,38873,30624,26153,35482,31060,65535,65535
405,387840,35283,38873,30624,26153,35482,31060,65535,65535
406,388800,35283,38873,30624,26153,35482,31060,65535,65535
407,389760,35283,38873,30624,26153,35482,31060,65535,65535
408,390720,35283,38873,30624,26153,35482,31060,65535,65535
409,391680,35283,38873,30624,26153,35482,31060,65535,65535
410,392640,35283,38873,30624,26153,35482,31060,65535,65535
411,393600,35283,38873,30624,26153,35482,31060,65535,65535
412,394560,35283,38873,30624,26153,35482,31059,65535,65535
413,395520,35283,38873,30624,26153,35482,31059,65535,65535
414,396480,35283,38873,30624,26153,35482,31059,65535,65535
415,397440,35283,38873,30624,26153,35482,31059,65535,65535
416,398400,35283,38873,30624,26153,35482,31059,65535,65535
417,399360,35283,38873,30624,26153,35482,31060,65535,65535
418,400320,35283,38873,30624,26153,35482,31060,65535,65535
419,401280,35283,38873,30624,26153,35482,31060,65535,65535
420,402240,35283,38873,30624,26153,35482,31060,65535,65535
421,403200,35283,38873,30624,26153,35482,31060,65535,65535
422,404160,35283,38873,30624,26153,35482,31060,65535,65535
423,405120,35283,38873,30624,26153,35482,31060,65535,65535
424,406080,35283,38873,30624,26153,35482,31060,65535,65535
425,407040,35283,38873,30624,26153,35482,31060,65535,65535
426,408000,35283,38873,30624,26153,35482,31060,65535,65535
427,408960,35283,38873,30624,26153,35482,31060,65535,65535
428,409920,35283,38873,30624,26153,35482,31060,65535,65535
429,410880,35283,38873,30624,26153,35482,31060,65535,65535
430,411840,35283,38873,30624,26153,35482,31060,65535,65535
431,412800,35283,38873,30624,26153,35482,31060,65535,65535
432,413760,35283,38873,30624,26153,35482,31060,65535,65535
433,414720,35283,38873,30624,26153,35482,31059,65535,65535
434,415680,35283,38873,30624,26153,35482,31059,65535,65535
435,416640,35283,38873,30624,26153,35482,31059,65535,65535
436,417600,35283,38873,30624,26153,35482,31059,65535,65535
437,418560,35283,38873,30624,26153,35482,31059,65535,65535
438,419520,35283,38873,30624,26153,35482,31060,65535,65535
439,420480,35283,38873,30624,26153,35482,31060,65535,65535
440,421440,35283,38873,30624,26153,35482,31060,65535,65535
441,422400,35283,38873,30624,26153,35482,31060,65535,65535
442,423360,35283,38873,30624,26153,35482,31060,65535,65535
443,424320,35283,38873,30624,26153,35482,31060,65535,65535
444,425280,35283,38873,30624,26153,35482,31060,65535,65535
445,426240,35283,38873,30624,26153,35482,31060,65535,65535
446,427200,35283,38873,30624,26153,35482,31060,65535,65535
447,428160,35283,38873,30624,26153,35482,31060,65535,65535
448,429120,35283,38873,30624,26153,35482,31060,65535,65535
449,430080,35283,38873,30624,26153,35482,31060,65535,65535
450,431040,35283,38873,30624,26153,35482,31060,65535,65535
451,432000,35283,38873,30624,26153,35482,31060,65535,65535
452,432960,35283,38873,30624,26153,35482,31060,65535,65535
453,433920,35283,38873,30624,26153,35482,31060,65535,65535
454,434880,35283,38873,30624,26153,35482,31059,65535,65535
455,435840,35283,38873,30624,26153,35482,31059,65535,65535
456,436800,35283,38873,30624,26153,35482,31059,65535,65535
457,437760,35283,38873,30624,26153,35482,31059,65535,65535
458,438720,35283,38873,30624,26153,35482,31059,65535,65535
459,439680,35283,38873,30624,26153,35482,31060,65535,65535
460,440640,35283,38873,30624,26153,35482,31060,65535,65535
461,441600,35283,38873,30624,26153,35482,31060,65535,65535
462,442560,35283,38873,30624,26153,35482,31060,65535,65535
463,443520,35283,38873,30624,26153,35482,31060,65535,65535
464,444480,35283,38873,30624,26153,35482,31060,65535,65535
465,445440,35283,38873,30624,26153,35482,31060,65535,65535
466,446400,35283,38873,30624,26153,35482,31060,65535,65535
467,447360,35283,38873,30624,26153,35482,31060,65535,65535
468,448320,35283,38873,30624,26153,35482,31060,65535,65535
469,449280,35283,38873,30624,26153,35482,31060,65535,65535
470,450240,35283,38873,30624,26153,35482,31060,65535,65535
471,451200,35283,38873,30624,26153,35482,31060,65535,65535
472,452160,35283,38873,30624,26153,35482,31060,65535,65535
473,453120,35283,38873,30624,26153,35482,31060,65535,65535
474,454080,35283,38873,30624,26153,35482,31060,65535,65535
475,455040,35283,38873,30624,26153,35482,31059,65535,65535
476,456000,35283,38873,30624,26153,35482,31059,65535,65535
477,456960,35283,38873,30624,26153,35482,31059,65535,65535
478,457920,35283,38873,30624,26153,35482,31059,65535,65535
479,458880,35283,38873,30624,26153,35482,31060,65535,65535
480,459840,35283,38873,30624,26153,35482,31060,65535,65535
481,460800,35283,38873,30624,26153,35482,31060,65535,65535
482,461760,35283,38873,30624,26153,35482,31060,65535,65535
483,462720,35283,38873,30624,26153,35482,31060,65535,65535
484,463680,35283,38873,30624,26153,35482,31060,65535,65535
485,464640,35283,38873,30624,26153,35482,31060,65535,65535
486,465600,35283,38873,30624,26153,35482,31060,65535,65535
487,466560,35283,38873,30624,26153,35482,31060,65535,65535
488,467520,35283,38873,30624,26153,35482,31060,65535,65535
489,468480,35283,38873,30624,26153,35482,31060,65535,65535
490,469440,35283,38873,30624,26153,35482,31060,65535,65535
491,470400,35283,38873,30624,26153,35482,31060,65535,65535
492,471360,35283,38873,30624,26153,35482,31060,65535,65535
493,472320,35283,38873,30624,26153,35482,31060,65535,65535
494,473280,35283,38873,30624,26153,35482,31060,65535,65535
495,474240,35283,38873,30624,26153,35482,31060,65535,65535
496,475200,35283,38873,30624,26153,35482,31059,65535,65535
497,476160,35283,38873,30624,26153,35482,31059,65535,65535
498,477120,35283,38873,30624,26153,35482,31059,65535,65535
499,478080,35283,38873,30624,26153,35482,31059,65535,65535
500,479040,35283,38873,30624,26153,35482,31060,65535,65535
501,480000,35283,38873,30624,26153,35482,31060,65535,65535
502,480960,35283,38873,30624,26153,35482,31060,65535,65535
503,481920,35283,38873,30624,26153,35482,31060,65535,65535
504,482880,35283,38873,30624,26153,35482,31060,65535,65535
505,483840,35283,38873,30624,26153,35482,31060,65535,65535
506,484800,35283,38873,30624,26153,35482,31060,65535,65535
507,485760,35283,38873,30624,26153,35482,31060,65535,65535
508,486720,35283,38873,30624,26153,35482,31060,65535,65535
509,487680,35283,38873,30624,26153,35482,31060,65535,65535
510,488640,35283,38873,30624,26153,35482,31060,65535,65535
511,489600,35283,38873,30624,26153,35482,31060,65535,65535
512,490560,35283,38873,30624,26153,35482,31060,65535,65535
513,491520,35283,38873,30624,26153,35482,31060,65535,65535
514,492480,35283,38873,30624,26153,35482,31060,65535,65535
515,493440,35283,38873,30624,26153,35482,31060,65535,65535
516,494400,35283,38873,30624,26153,35482,31060,65535,65535
517,495360,35283,38873,30624,26153,35482,31059,65535,65535
518,496320,35283,38873,30624,26153,35482,31059,65535,65535
519,497280,35283,38873,30624,26153,35482,31059,65535,65535
520,498240,35283,38873,30624,26153,35482,31059,65535,65535
521,499200,35283,38873,30624,26153,35482,31060,65535,65535
522,500160,35283,38873,30624,26153,35482,31060,65535,65535
523,501120,35283,38873,30624,26153,35482,31060,65535,65535
524,502080,35283,38873,30624,26153,35482,31060,65535,65535
525,503040,35283,38873,30624,26153,35482,31060,65535,65535
526,504000,35283,38873,30624,26153,35482,31060,65535,65535
527,504960,35283,38873,30624,26153,35482,31060,65535,65535
528,505920,35283,38873,30624,26153,35482,31060,65535,65535
529,506880,35283,38873,30624,26153,35482,31060,65535,65535
530,507840,35283,38873,30624,26153,35482,31060,65535,65535
531,508800,35283,38873,30624,26153,35482,31060,65535,65535
532,509760,35283,38873,30624,26153,35482,31060,65535,65535
533,510720,35283,38873,30624,26153,35482,31060,65535,65535
534,511680,35283,38873,30624,26153,35482,31060,65535,65535
535,512640,35283,38873,30624,26153,35482,31060,65535,65535
536,513600,35283,38873,30624,26153,35482,31060,65535,65535
537,514560,35283,38873,30624,26153,35482,31059,65535,65535
538,515520,35283,38873,30624,26153,35482,31059,65535,65535
539,516480,35283,38873,30624,26153,35482,31059,65535,65535
540,517440,35283,38873,30624,26153,35482,31059,65535,65535
541,518400,35283,38873,30624,26153,35482,31059,65535,65535
542,519360,35283,38873,30624,26153,35482,31060,65535,65535
543,520320,35283,38873,30624,26153,35482,31060,65535,65535
544,521280,35283,38873,30624,26153,35482,31060,65535,65535
545,522240,35283,38873,30624,26153,35482,31060,65535,65535
546,523200,35283,38873,30624,26153,35482,31060,65535,65535
547,524160,35283,38873,30624,26153,35482,31060,65535,65535
548,525120,35283,38873,30624,26153,35482,31060,65535,65535
549,526080,35283,38873,30624,26153,35482,31060,65535,65535
550,527040,35283,38873,30624,26153,35482,31060,65535,65535
551,528000,35283,38873,30624,26153,35482,31060,65535,65535
552,528960,35283,38873,30624,26153,35482,31060,65535,65535
553,529920,35283,38873,30624,26153,35482,31060,65535,65535
554,530880,35283,38873,30624,26153,35482,31060,65535,65535
555,531840,35283,38873,30624,26153,35482,31060,65535,65535
556,532800,35283,38873,30624,26153,35482,31060,65535,65535
557,533760,35283,38873,30624,26153,35482,31060,65535,65535
558,534720,35283,38873,30624,26153,35482,31059,65535,65535
559,535680,35283,38873,30624,26153,35482,31059,65535,65535
560,536640,35283,38873,30624,26153,35482,31059,65535,65535
561,537600,35283,38873,30624,26153,35482,31059,65535,65535
562,538560,35283,38873,30624,26153,35482,31059,65535,65535
563,539520,35283,38873,30624,26153,35482,31060,65535,65535
564,540480,35283,38873,30624,26153,35482,31060,65535,65535
565,541440,35283,38873,30624,26153,35482,31060,65535,65535
566,542400,35283,38873,30624,26153,35482,31060,65535,65535
567,543360,35283,38873,30624,26153,35482,31060,65535,65535
568,544320,35283,38873,30624,26153,35482,31060,65535,65535
569,545280,35283,38873,30624,26153,35482,31060,65535,65535
570,546240,35283,38873,30624,26153,35482,31060,65535,65535
571,547200,35283,38873,30624,26153,35482,31060,65535,65535
572,548160,35283,38873,30624,26153,35482,31060,65535,65535
573,549120,35283,38873,30624,26153,35482,31060,65535,65535
574,550080,35283,38873,30624,26153,35482,31060,65535,65535
575,551040,35283,38873,30624,26153,35482,31060,65535,65535
576,552000,35283,38873,30624,26153,35482,31060,65535,65535
577,552960,35283,38873,30624,26153,35482,31060,65535,65535
578,553920,35283,38873,30624,26153,35482,31060,65535,65535
579,554880,35283,38873,30624,26153,35482,31059,65535,65535
580,555840,35283,38873,30624,26153,35482,31059,65535,65535
581,556800,35283,38873,30624,26153,35482,31059,65535,65535
582,557760,35283,38873,30624,26153,35482,31059,65535,65535
583,558720,35283,38873,30624,26153,35482,31059,65535,65535
584,559680,35283,38873,30624,26153,35482,31060,65535,65535
585,560640,35283,38873,30624,26153,35482,31060,65535,65535
586,561600,35283,38873,30624,26153,35482,31060,65535,65535
587,562560,35283,38873,30624,26153,35482,31060,65535,65535
588,563520,35283,38873,30624,26153,35482,31060,65535,65535
589,564480,35283,38873,30624,26153,35482,31060,65535,65535
590,565440,35283,38873,30624,26153,35482,31060,65535,65535
591,566400,35283,38873,30624,26153,35482,31060,65535,65535
592,567360,35283,38873,30624,26153,35482,31060,65535,65535
593,568320,35283,38873,30624,26153,35482,31060,65535,65535
594,569280,35283,38873,30624,26153,35482,31060,65535,65535
595,570240,35283,38873,30624,26153,35482,31060,65535,65535
596,571200,35283,38873,30624,26153,35482,31060,65535,65535
597,572160,35283,38873,30624,26153,35482,31060,65535,65535
598,573120,35283,38873,30624,26153,35482,31060,65535,65535
599,574080,35283,38873,30624,26153,35482,31060,65535,65535
600,575040,35283,38873,30624,26153,35482,31059,65535,65535
601,576000,35283,38873,30624,26153,35482,31059,65535,65535
602,576960,35283,38873,30624,26153,35482,31059,65535,65535
603,577920,35283,38873,30624,26153,35482,31059,65535,65535
604,578880,35283,38873,30624,26153,35482,31060,65535,65535
605,579840,35283,38873,30624,26153,35482,31060,65535,65535
606,580800,35283,38873,30624,26153,35482,31060,65535,65535
607,581760,35283,38873,30624,26153,35482,31060,65535,65535
608,582720,35283,38873,30624,26153,35482,31060,65535,65535
609,583680,35283,38873,30624,26153,35482,31060,65535,65535
610,584640,35283,38873,30624,26153,35482,31060,65535,65535
611,585600,35283,38873,30624,26153,35482,31060,65535,65535
612,586560,35283,38873,30624,26153,35482,31060,65535,65535
613,587520,35283,38873,30624,26153,35482,31060,65535,65535
614,588480,35283,38873,30624,26153,35482,31060,65535,65535
615,589440,35283,38873,30624,26153,35482,31060,65535,65535
616,590400,35283,38873,30624,26153,35482,31060,65535,65535
617,591360,35283,38873,30624,26153,35482,31060,65535,65535
618,592320,35283,38873,30624,26153,35482,31060,65535,65535
619,593280,35283,38873,30624,26153,35482,31060,65535,65535
620,594240,35283,38873,30624,26153,35482,31060,65535,65535
621,595200,35283,38873,30624,26153,35482,31059,65535,65535
622,596160,35283,38873,30624,26153,35482,31059,65535,65535
623,597120,35283,38873,30624,26153,35482,31059,65535,65535
624,598080,35283,38873,30624,26153,35482,31059,65535,65535
625,599040,35283,38873,30624,26153,35482,31060,65535,65535
626,600000,35283,38873,30624,26153,35482,31060,65535,65535
627,600960,35283,38873,30624,26153,35482,31060,65535,65535
628,601920,35283,38873,30624,26153,35482,31060,65535,65535
629,602880,35283,38873,30624,26153,35482,31060,65535,65535
630,603840,35283,38873,30624,26153,35482,31060,65535,65535
631,604800,35283,38873,30624,26153,35482,31060,65535,65535
632,605760,35283,38873,30624,26153,35482,31060,65535,65535
633,606720,35283,38873,30624,26153,35482,31060,65535,65535
634,607680,35283,38873,30624,26153,35482,31060,65535,65535
635,608640,35283,38873,30624,26153,35482,31060,65535,65535
636,609600,35283,38873,30624,26153,35482,31060,65535,65535
637,610560,35283,38873,30624,26153,35482,31060,65535,65535
638,611520,35283,38873,30624,26153,35482,31060,65535,65535
639,612480,35283,38873,30624,26153,35482,31060,65535,65535
640,613440,35283,38873,30624,26153,35482,31060,65535,65535
641,614400,35283,38873,30624,26153,35482,31060,65535,65535
642,615360,35283,38873,30624,26153,35482,31059,65535,65535
643,616320,35283,38873,30624,26153,35482,31059,65535,65535
644,617280,35283,38873,30624,26153,35482,31059,65535,65535
645,618240,35283,38873,30624,26153,35482,31059,65535,65535
646,619200,35283,38873,30624,26153,35482,31060,65535,65535
647,620160,35283,38873,30624,26153,35482,31060,65535,65535
648,621120,35283,38873,30624,26153,35482,31060,65535,65535
649,622080,35283,38873,30624,26153,35482,31060,65535,65535
650,623040,35283,38873,30624,26153,35482,31060,65535,65535
651,624000,35283,38873,30624,26153,35482,31060,65535,65535
652,624960,35283,38873,30624,26153,35482,31060,65535,65535
653,625920,35283,38873,30624,26153,35482,31060,65535,65535
654,626880,35283,38873,30624,26153,35482,31060,65535,65535
655,627840,35283,38873,30624,26153,35482,31060,65535,65535
656,628800,35283,38873,30624,26153,35482,31060,65535,65535
657,629760,35283,38873,30624,26153,35482,31060,65535,65535
658,630720,35283,38873,30624,26153,35482,31060,65535,65535
659,631680,35283,38873,30624,26153,35482,31060,65535,65535
660,632640,35283,38873,30624,26153,35482,31060,65535,65535
661,633600,35283,38873,30624,26153,35482,31060,65535,65535
662,634560,35283,38873,30624,26153,35482,31060,65535,65535
663,635520,35283,38873,30624,26153,35482,31059,65535,65535
664,636480,35283,38873,30624,26153,35482,31059,65535,65535
665,637440,35283,38873,30624,26153,35482,31059,65535,65535
666,638400,35283,38873,30624,26153,35482,31059,65535,65535
667,639360,35283,38873,30624,26153,35482,31060,65535,65535
668,640320,35283,38873,30624,26153,35482,31060,65535,65535
669,641280,35283,38873,30624,26153,35482,31060,65535,65535
670,642240,35283,38873,30624,26153,35482,31060,65535,65535
671,643200,35283,38873,30624,26153,35482,31060,65535,65535
672,644160,35283,38873,30624,26153,35482,31060,65535,65535
673,645120,35283,38873,30624,26153,35482,31060,65535,65535
674,646080,35283,38873,30624,26153,35482,31060,65535,65535
675,647040,35283,38873,30624,26153,35482,31060,65535,65535
676,648000,35283,38873,30624,26153,35482,31060,65535,65535
677,648960,35283,38873,30624,26153,35482,31060,65535,65535
678,649920,35283,38873,30624,26153,35482,31060,65535,65535
679,650880,35283,38873,30624,26153,35482,31060,65535,65535
680,651840,35283,38873,30624,26153,35482,31060,65535,65535
681,652800,35283,38873,30624,26153,35482,31060,65535,65535
682,653760,35283,38873,30624,26153,35482,31060,65535,65535
683,654720,35283,38873,30624,26153,35482,31059,65535,65535
684,655680,35283,38873,30624,26153,35482,31059,65535,65535
685,656640,35283,38873,30624,26153,35482,31059,65535,65535
686,657600,35283,38873,30624,26153,35482,31059,65535,65535
687,658560,35283,38873,30624,26153,35482,31059,65535,65535
688,659520,35283,38873,30624,26153,35482,31060,65535,65535
689,660480,35283,38873,30624,26153,35482,31060,65535,65535
690,661440,35283,38873,30624,26153,35482,31060,65535,65535
691,662400,35283,38873,30624,26153,35482,31060,65535,65535
692,663360,35283,38873,30624,26153,35482,31060,65535,65535
693,664320,35283,38873,30624,26153,35482,31060,65535,65535
694,665280,35283,38873,30624,26153,35482,31060,65535,65535
695,666240,35283,38873,30624,26153,35482,31060,65535,65535
696,667200,35283,38873,30624,26153,35482,31060,65535,65535
697,668160,35283,38873,30624,26153,35482,31060,65535,65535
698,669120,35283,38873,30624,26153,35482,31060,65535,65535
699,670080,35283,38873,30624,26153,35482,31060,65535,65535
700,671040,35283,38873,30624,26153,35482,31060,65535,65535
701,672000,35283,38873,30624,26153,35482,31060,65535,65535
702,672960,35283,38873,30624,26153,35482,31060,65535,65535
703,673920,35283,38873,30624,26153,35482,31060,65535,65535
704,674880,35283,38873,30624,26153,35482,31059,65535,65535
705,675840,35283,38873,30624,26153,35482,31059,65535,65535
706,676800,35283,38873,30624,26153,35482,31059,65535,65535
707,677760,35283,38873,30624,26153,35482,31059,65535,65535
708,678720,35283,38873,30624,26153,35482,31059,65535,65535
709,679680,35283,38873,30624,26153,35482,31060,65535,65535
710,680640,35283,38873,30624,26153,35482,31060,65535,65535
711,681600,35283,38873,30624,26153,35482,31060,65535,65535
712,682560,35283,38873,30624,26153,35482,31060,65535,65535
713,683520,35283,38873,30624,26153,35482,31060,65535,65535
714,684480,35283,38873,30624,26153,35482,31060,65535,65535
715,685440,35283,38873,30624,26153,35482,31060,65535,65535
716,686400,35283,38873,30624,26153,35482,31060,65535,65535
717,687360,35283,38873,30624,26153,35482,31060,65535,65535
718,688320,35283,38873,30624,26153,35482,31060,65535,65535
719,689280,35283,38873,30624,26153,35482,31060,65535,65535
720,690240,35283,38873,30624,26153,35482,31060,65535,65535
721,691200,35283,38873,30624,26153,35482,31060,65535,65535
722,692160,35283,38873,30624,26153,35482,31060,65535,65535
723,693120,35283,38873,30624,26153,35482,31060,65535,65535
724,694080,35283,38873,30624,26153,35482,31060,65535,65535
725,695040,35283,38873,30624,26153,35482,31059,65535,65535
726,696000,35283,38873,30624,26153,35482,31059,65535,65535
727,696960,35283,38873,30624,26153,35482,31059,65535,65535
728,697920,35283,38873,30624,26153,35482,31059,65535,65535
729,698880,35283,38873,30624,26153,35482,31060,65535,65535
730,699840,35283,38873,30624,26153,35482,31060,65535,65535
731,700800,35283,38873,30624,26153,35482,31060,65535,65535
732,701760,35283,38873,30624,26153,35482,31060,65535,65535
733,702720,35283,38873,30624,26153,35482,31060,65535,65535
734,703680,35283,38873,30624,26153,35482,31060,65535,65535
735,704640,35283,38873,30624,26153,35482,31060,65535,65535
736,705600,35283,38873,30624,26153,35482,31060,65535,65535
737,706560,35283,38873,30624,26153,35482,31060,65535,65535
738,707520,35283,38873,30624,26153,35482,31060,65535,65535
739,708480,35283,38873,30624,26153,35482,31060,65535,65535
740,709440,35283,38873,30624,26153,35482,31060,65535,65535
741,710400,35283,38873,30624,26153,35482,31060,65535,65535
742,711360,35283,38873,30624,26153,35482,31060,65535,65535
743,712320,35283,38873,30624,26153,35482,31060,65535,65535
744,713280,35283,38873,30624,26153,35482,31060,65535,65535
745,714240,35283,38873,30624,26153,35482,31060,65535,65535
746,715200,35283,38873,30624,26153,35482,31059,65535,65535
747,716160,35283,38873,30624,26153,35482,31059,65535,65535
748,717120,35283,38873,30624,26153,35482,31059,65535,65535
749,718080,35283,38873,30624,26153,35482,31059,65535,65535
750,719040,35283,38873,30624,26153,35482,31060,65535,65535
751,720000,35283,38873,30624,26153,35482,31060,65535,65535
752,720960,35283,38873,30624,26153,35482,31060,65535,65535
753,721920,35283,38873,30624,26153,35482,31060,65535,65535
754,722880,35283,38873,30624,26153,35482,31060,65535,65535
755,723840,35283,38873,30624,26153,35482,31060,65535,65535
756,724800,35283,38873,30624,26153,35482,31060,65535,65535
757,725760,35283,38873,30624,26153,35482,31060,65535,65535
758,726720,35283,38873,30624,26153,35482,31060,65535,65535
759,727680,35283,38873,30624,26153,35482,31060,65535,65535
760,728640,35283,38873,30624,26153,35482,31060,65535,65535
761,729600,35283,38873,30624,26153,35482,31060,65535,65535
762,730560,35283,38873,30624,26153,35482,31060,65535,65535
763,731520,35283,38873,30624,26153,35482,31060,65535,65535
764,732480,35283,38873,30624,26153,35482,31060,65535,65535
765,733440,35283,38873,30624,26153,35482,31060,65535,65535
766,734400,35283,38873,30624,26153,35482,31060,65535,65535
767,735360,35283,38873,30624,26153,35482,31059,65535,65535
768,736320,35283,38873,30624,26153,35482,31059,65535,65535
769,737280,35283,38873,30624,26153,35482,31059,65535,65535
770,738240,35283,38873,30624,26153,35482,31059,65535,65535
771,739200,35283,38873,30624,26153,35482,31060,65535,65535
772,740160,35283,38873,30624,26153,35482,31060,65535,65535
773,741120,35283,38873,30624,26153,35482,31060,65535,65535
774,742080,35283,38873,30624,26153,35482,31060,65535,65535
775,743040,35283,38873,30624,26153,35482,31060,65535,65535
776,744000,35283,38873,30624,26153,35482,31060,65535,65535
777,744960,35283,38873,30624,26153,35482,31060,65535,65535
778,745920,35283,38873,30624,26153,35482,31060,65535,65535
779,746880,35283,38873,30624,26153,35482,31060,65535,65535
780,747840,35283,38873,30624,26153,35482,31060,65535,65535
781,748800,35283,38873,30624,26153,35482,31060,65535,65535
782,749760,35283,38873,30624,26153,35482,31060,65535,65535
783,750720,35283,38873,30624,26153,35482,31060,65535,65535
784,751680,35283,38873,30624,26153,35482,31060,65535,65535
785,752640,35283,38873,30624,26153,35482,31060,65535,65535
786,753600,35283,38873,30624,26153,35482,31060,65535,65535
787,754560,35283,38873,30624,26153,35482,31060,65535,65535
788,755520,35283,38873,30624,26153,35482,31059,65535,65535
789,756480,35283,38873,30624,26153,35482,31059,65535,65535
790,757440,35283,38873,30624,26153,35482,31059,65535,65535
791,758400,35283,38873,30624,26153,35482,31059,65535,65535
792,759360,35283,38873,30624,26153,35482,31060,65535,65535
793,760320,35283,38873,30624,26153,35482,31060,65535,65535
794,761280,35283,38873,30624,26153,35482,31060,65535,65535
795,762240,35283,38873,30624,26153,35482,31060,65535,65535
796,763200,35283,38873,30624,26153,35482,31060,65535,65535
797,764160,35283,38873,30624,26153,35482,31060,65535,65535
798,765120,35283,38873,30624,26153,35482,31060,65535,65535
799,766080,35283,38873,30624,26153,35482,31060,65535,65535
800,767040,35283,38873,30624,26153,35482,31060,65535,65535
801,768000,35283,38873,30624,26153,35482,31060,65535,65535
802,768960,35283,38873,30624,26153,35482,31060,65535,65535
803,769920,35283,38873,30624,26153,35482,31060,65535,65535
804,770880,35283,38873,30624,26153,35482,31060,65535,65535
805,771840,35283,38873,30624,26153,35482,31060,65535,65535
806,772800,35283,38873,30624,26153,35482,31060,65535,65535
807,773760,35283,38873,30624,26153,35482,31060,65535,65535
808,774720,35283,38873,30624,26153,35482,31060,65535,65535
809,775680,35283,38873,30624,26153,35482,31059,65535,65535
810,776640,35283,38873,30624,26153,35482,31059,65535,65535
811,777600,35283,38873,30624,26153,35482,31059,65535,65535
812,778560,35283,38873,30624,26153,35482,31059,65535,65535
813,779520,35283,38873,30624,26153,35482,31060,65535,65535
814,780480,35283,38873,30624,26153,35482,31060,65535,65535
815,781440,35283,38873,30624,26153,35482,31060,65535,65535
816,782400,35283,38873,30624,26153,35482,31060,65535,65535
817,783360,35283,38873,30624,26153,35482,31060,65535,65535
818,784320,35283,38873,30624,26153,35482,31060,65535,65535
819,785280,35283,38873,30624,26153,35482,31060,65535,65535
820,786240,35283,38873,30624,26153,35482,31060,65535,65535
821,787200,35283,38873,30624,26153,35482,31060,65535,65535
822,788160,35283,38873,30624,26153,35482,31060,65535,65535
823,789120,35283,38873,30624,26153,35482,31060,65535,65535
824,790080,35283,38873,30624,26153,35482,31060,65535,65535
825,791040,35283,38873,30624,26153,35482,31060,65535,65535
826,792000,35283,38873,30624,26153,35482,31060,65535,65535
827,792960,35283,38873,30624,26153,35482,31060,65535,65535
828,793920,35283,38873,30624,26153,35482,31060,65535,65535
829,794880,35283,38873,30624,26153,35482,31059,65535,65535
830,795840,35283,38873,30624,26153,35482,31059,65535,65535
831,796800,35283,38873,30624,26153,35482,31059,65535,65535
832,797760,35283,38873,30624,26153,35482,31059,65535,65535
833,798720,35283,38873,30624,26153,35482,31059,65535,65535
834,799680,35283,38873,30624,26153,35482,31060,65535,65535
835,800640,35283,38873,30624,26153,35482,31060,65535,65535
836,801600,35283,38873,30624,26153,35482,31060,65535,65535
837,802560,35283,38873,30624,26153,35482,31060,65535,65535
838,803520,35283,38873,30624,26153,35482,31060,65535,65535
839,804480,35283,38873,30624,26153,35482,31060,65535,65535
840,805440,35283,38873,30624,26153,35482,31060,65535,65535
841,806400,35283,38873,30624,26153,35482,31060,65535,65535
842,807360,35283,38873,30624,26153,35482,31060,65535,65535
843,808320,35283,38873,30624,26153,35482,31060,65535,65535
844,809280,35283,38873,30624,26153,35482,31060,65535,65535
845,810240,35283,38873,30624,26153,35482,31060,65535,65535
846,811200,35283,38873,30624,26153,35482,31060,65535,65535
847,812160,35283,38873,30624,26153,35482,31060,65535,65535
848,813120,35283,38873,30624,26153,35482,31060,65535,65535
849,814080,35283,38873,30624,26153,35482,31060,65535,65535
850,815040,35283,38873,30624,26153,35482,31059,65535,65535
851,816000,35283,38873,30624,26153,35482,31059,65535,65535
852,816960,35283,38873,30624,26153,35482,31059,65535,65535
853,817920,35283,38873,30624,26153,35482,31059,65535,65535
854,818880,35283,38873,30624,26153,35482,31060,65535,65535
855,819840,35283,38873,30624,26153,35482,31060,65535,65535
856,820800,35283,38873,30624,26153,35482,31060,65535,65535
857,821760,35283,38873,30624,26153,35482,31060,65535,65535
858,822720,35283,38873,30624,26153,35482,31060,65535,65535
859,823680,35283,38873,30624,26153,35482,31060,65535,65535
860,824640,35283,38873,30624,26153,35482,31060,65535,65535
861,825600,35283,38873,30624,26153,35482,31060,65535,65535
862,826560,35283,38873,30624,26153,35482,31060,65535,65535
863,827520,35283,38873,30624,26153,35482,31060,65535,65535
864,828480,35283,38873,30624,26153,35482,31060,65535,65535
865,829440,35283,38873,30624,26153,35482,31060,65535,65535
866,830400,35283,38873,30624,26153,35482,31060,65535,65535
867,831360,35283,38873,30624,26153,35482,31060,65535,65535
868,832320,35283,38873,30624,26153,35482,31060,65535,65535
869,833280,35283,38873,30624,26153,35482,31060,65535,65535
870,834240,35283,38873,30624,26153,35482,31060,65535,65535
871,835200,35283,38873,30624,26153,35482,31059,65535,65535
872,836160,35283,38873,30624,26153,35482,31059,65535,65535
873,837120,35283,38873,30624,26153,35482,31059,65535,65535
874,838080,35283,38873,30624,26153,35482,31059,65535,65535
875,839040,35283,38873,30624,26153,35482,31060,65535,65535
876,840000,35283,38873,30624,26153,35482,31060,65535,65535
877,840960,35283,38873,30624,26153,35482,31060,65535,65535
878,841920,35283,38873,30624,26153,35482,31060,65535,65535
879,842880,35283,38873,30624,26153,35482,31060,65535,65535
880,843840,35283,38873,30624,26153,35482,31060,65535,65535
881,844800,35283,38873,30624,26153,35482,31060,65535,65535
882,845760,35283,38873,30624,26153,35482,31060,65535,65535
883,846720,35283,38873,30624,26153,35482,31060,65535,65535
884,847680,35283,38873,30624,26153,35482,31060,65535,65535
885,848640,35283,38873,30624,26153,35482,31060,65535,65535
886,849600,35283,38873,30624,26153,35482,31060,65535,65535
887,850560,35283,38873,30624,26153,35482,31060,65535,65535
888,851520,35283,38873,30624,26153,35482,31060,65535,65535
889,852480,35283,38873,30624,26153,35482,31060,65535,65535
890,853440,35283,38873,30624,26153,35482,31060,65535,65535
891,854400,35283,38873,30624,26153,35482,31060,65535,65535
892,855360,35283,38873,30624,26153,35482,31059,65535,65535
893,856320,35283,38873,30624,26153,35482,31059,65535,65535
894,857280,35283,38873,30624,26153,35482,31059,65535,65535
895,858240,35283,38873,30624,26153,35482,31059,65535,65535
896,859200,35283,38873,30624,26153,35482,31060,65535,65535
897,860160,35283,38873,30624,26153,35482,31060,65535,65535
898,861120,35283,38873,30624,26153,35482,31060,65535,65535
899,862080,35283,38873,30624,26153,35482,31060,65535,65535
900,863040,35283,38873,30624,26153,35482,31060,65535,65535
901,864000,35283,38873,30624,26153,35482,31060,65535,65535
902,864960,35283,38873,30624,26153,35482,31060,65535,65535
903,865920,35283,38873,30624,26153,35482,31060,65535,65535
904,866880,35283,38873,30624,26153,35482,31060,65535,65535
905,867840,35283,38873,30624,26153,35482,31060,65535,65535
906,868800,35283,38873,30624,26153,35482,31060,65535,65535
907,869760,35283,38873,30624,26153,35482,31060,65535,65535
908,870720,35283,38873,30624,26153,35482,31060,65535,65535
909,871680,35283,38873,30624,26153,35482,31060,65535,65535
910,872640,35283,38873,30624,26153,35482,31060,65535,65535
911,873600,35283,38873,30624,26153,35482,31060,65535,65535
912,874560,35283,38873,30624,26153,35482,31060,65535,65535
913,875520,35283,38873,30624,26153,35482,31059,65535,65535
914,876480,35283,38873,30624,26153,35482,31059,65535,65535
915,877440,35283,38873,30624,26153,35482,31059,65535,65535
916,878400,35283,38873,30624,26153,35482,31059,65535,65535
917,879360,35283,38873,30624,26153,35482,31060,65535,65535
918,880320,35283,38873,30624,26153,35482,31060,65535,65535
919,881280,35283,38873,30624,26153,35482,31060,65535,65535
920,882240,35283,38873,30624,26153,35482,31060,65535,65535
921,883200,35283,38873,30624,26153,35482,31060,65535,65535
922,884160,35283,38873,30624,26153,35482,31060,65535,65535
923,885120,35283,38873,30624,26153,35482,31060,65535,65535
924,886080,35283,38873,30624,26153,35482,31060,65535,65535
925,887040,35283,38873,30624,26153,35482,31060,65535,65535
926,888000,35283,38873,30624,26153,35482,31060,65535,65535
927,888960,35283,38873,30624,26153,35482,31060,65535,65535
928,889920,35283,38873,30624,26153,35482,31060,65535,65535
929,890880,35283,38873,30624,26153,35482,31060,65535,65535
930,891840,35283,38873,30624,26153,35482,31060,65535,65535
931,892800,35283,38873,30624,26153,35482,31060,65535,65535
932,893760,35283,38873,30624,26153,35482,31060,65535,65535
933,894720,35283,38873,30624,26153,35482,31060,65535,65535
934,895680,35283,38873,30624,26153,35482,31059,65535,65535
935,896640,35283,38873,30624,26153,35482,31059,65535,65535
936,897600,35283,38873,30624,26153,35482,31059,65535,65535
937,898560,35283,38873,30624,26153,35482,31059,65535,65535
938,899520,35283,38873,30624,26153,35482,31060,65535,65535
939,900480,35283,38873,30624,26153,35482,31060,65535,65535
940,901440,35283,38873,30624,26153,35482,31060,65535,65535
941,902400,35283,38873,30624,26153,35482,31060,65535,65535
942,903360,35283,38873,30624,26153,35482,31060,65535,65535
943,904320,35283,38873,30624,26153,35482,31060,65535,65535
944,905280,35283,38873,30624,26153,35482,31060,65535,65535
945,906240,35283,38873,30624,26153,35482,31060,65535,65535
946,907200,35283,38873,30624,26153,35482,31060,65535,65535
947,908160,35283,38873,30624,26153,35482,31060,65535,65535
948,909120,35283,38873,30624,26153,35482,31060,65535,65535
949,910080,35283,38873,30624,26153,35482,31060,65535,65535
950,911040,35283,38873,30624,26153,35482,31060,65535,65535
951,912000,35283,38873,30624,26153,35482,31060,65535,65535
952,912960,35283,38873,30624,26153,35482,31060,65535,65535
953,913920,35283,38873,30624,26153,35482,31060,65535,65535
954,914880,35283,38873,30624,26153,35482,31060,65535,65535
955,915840,35283,38873,30624,26153,35482,31059,65535,65535
956,916800,35283,38873,30624,26153,35482,31059,65535,65535
957,917760,35283,38873,30624,26153,35482,31059,65535,65535
958,918720,35283,38873,30624,26153,35482,31059,65535,65535
959,919680,35283,38873,30624,26153,35482,31060,65535,65535
960,920640,35283,38873,30624,26153,35482,31060,65535,65535
961,921600,35283,38873,30624,26153,35482,31060,65535,65535
962,922560,35283,38873,30624,26153,35482,31060,65535,65535
963,923520,35283,38873,30624,26153,35482,31060,65535,65535
964,924480,35283,38873,30624,26153,35482,31060,65535,65535
965,925440,35283,38873,30624,26153,35482,31060,65535,65535
966,926400,35283,38873,30624,26153,35482,31060,65535,65535
967,927360,35283,38873,30624,26153,35482,31060,65535,65535
968,928320,35283,38873,30624,26153,35482,31060,65535,65535
969,929280,35283,38873,30624,26153,35482,31060,65535,65535
970,930240,35283,38873,30624,26153,35482,31060,65535,65535
971,931200,35283,38873,30624,26153,35482,31060,65535,65535
972,932160,35283,38873,30624,26153,35482,31060,65535,65535
973,933120,35283,38873,30624,26153,35482,31060,65535,65535
974,934080,35283,38873,30624,26153,35482,31060,65535,65535
975,935040,35283,38873,30624,26153,35482,31060,65535,65535
976,936000,35283,38873,30624,26153,35482,31059,65535,65535
977,936960,35283,38873,30624,26153,35482,31059,65535,65535
978,937920,35283,38873,30624,26153,35482,31059,65535,65535
979,938880,35283,38873,30624,26153,35482,31060,65535,65535
980,939840,35283,38873,30624,26153,35482,31060,65535,65535
981,940800,35283,38873,30624,26153,35482,31060,65535,65535
982,941760,35283,38873,30624,26153,35482,31060,65535,65535
983,942720,35283,38873,30624,26153,35482,31060,65535,65535
984,943680,35283,38873,30624,26153,35482,31060,65535,65535
985,944640,35283,38873,30624,26153,35482,31060,65535,65535
986,945600,35283,38873,30624,26153,35482,31060,65535,65535
987,946560,35283,38873,30624,26153,35482,31060,65535,65535
988,947520,35283,38873,30624,26153,35482,31060,65535,65535
989,948480,35283,38873,30624,26153,35482,31060,65535,65535
990,949440,35283,38873,30624,26153,35482,31060,65535,65535
991,950400,35283,38873,30624,26153,35482,31060,65535,65535
992,951360,35283,38873,30624,26153,35482,31060,65535,65535
993,952320,35283,38873,30624,26153,35482,31060,65535,65535
994,953280,35283,38873,30624,26153,35482,31060,65535,65535
995,954240,35283,38873,30624,26153,35482,31060,65535,65535
996,955200,35283,38873,30624,26153,35482,31059,65535,65535
997,956160,35283,38873,30624,26153,35482,31059,65535,65535
998,957120,35283,38873,30624,26153,35482,31059,65535,65535
999,958080,35283,38873,30624,26153,35482,31059,65535,65535
1000,959040,35283,38873,30624,26153,35482,31060,65535,65535
1001,960000,35283,38873,30624,26153,35482,31060,65535,65535
1002,960960,35283,38873,30624,26153,35482,31060,65535,65535
1003,961920,35283,38873,30624,26153,35482,31060,65535,65535
1004,962880,35283,38873,30624,26153,35482,31060,65535,65535
1005,963840,35283,38873,30624,26153,35482,31060,65535,65535
1006,964800,35283,38873,30624,26153,35482,31060,65535,65535
1007,965760,35283,38873,30624,26153,35482,31060,65535,65535
1008,966720,35283,38873,30624,26153,35482,31060,65535,65535
1009,967680,35283,38873,30624,26153,35482,31060,65535,65535
1010,968640,35283,38873,30624,26153,35482,31060,65535,65535
1011,969600,35283,38873,30624,26153,35482,31060,65535,65535
1012,970560,35283,38873,30624,26153,35482,31060,65535,65535
1013,971520,35283,38873,30624,26153,35482,31060,65535,65535
1014,972480,35283,38873,30624,26153,35482,31060,65535,65535
1015,973440,35283,38873,30624,26153,35482,31060,65535,65535
1016,974400,35283,38873,30624,26153,35482,31060,65535,65535
1017,975360,35283,38873,30624,26153,35482,31059,65535,65535
1018,976320,35283,38873,30624,26153,35482,31059,65535,65535
1019,977280,35283,38873,30624,26153,35482,31059,65535,65535
1020,978240,35283,38873,30624,26153,35482,31059,65535,65535
1021,979200,35283,38873,30624,26153,35482,31060,65535,65535
1022,980160,35283,38873,30624,26153,35482,31060,65535,65535
1023,981120,35283,38873,30624,26153,35482,31060,65535,65535
1024,982080,35283,38873,30624,26153,35482,31060,65535,65535
1025,983040,35283,38873,30624,26153,35482,31060,65535,65535
1026,984000,35283,38873,30624,26153,35482,31060,65535,65535
1027,984960,35283,38873,30624,26153,35482,31060,65535,65535
1028,985920,35283,38873,30624,26153,35482,31060,65535,65535
1029,986880,35283,38873,30624,26153,35482,31060,65535,65535
1030,987840,35283,38873,30624,26153,35482,31060,65535,65535
1031,988800,35283,38873,30624,26153,35482,31060,65535,65535
1032,989760,35283,38873,30624,26153,35482,31060,65535,65535
1033,990720,35283,38873,30624,26153,35482,31060,65535,65535
1034,991680,35283,38873,30624,26153,35482,31060,65535,65535
1035,992640,35283,38873,30624,26153,35482,31060,65535,65535
1036,993600,35283,38873,30624,26153,35482,31060,65535,65535
1037,994560,35283,38873,30624,26153,35482,31060,65535,65535
1038,995520,35283,38873,30624,26153,35482,31059,65535,65535
1039,996480,35283,38873,30624,26153,35482,31059,65535,65535
1040,997440,35283,38873,30624,26153,35482,31059,65535,65535
1041,998400,35283,38873,30624,26153,35482,31059,65535,65535
1042,999360,35283,38873,30624,26153,35482,31060,65535,65535
