1,0,25905,41488,32977,25725,32436,39675,0,0
2,960,17219,49836,33129,25628,32924,39075,0,0
3,1920,9710,56780,33080,25754,33526,38365,0,0
4,2880,4056,61693,32834,26089,34187,37609,0,0
5,3840,766,64132,32412,26605,34848,36877,0,0
6,4800,138,63877,31854,27254,35449,36232,0,0
7,5760,2229,60950,31210,27978,35935,35735,0,0
8,6720,6849,55617,30537,28711,36263,35430,0,0
9,7680,13583,48358,29897,29388,36404,35343,0,0
10,8640,21821,39829,29347,29947,36344,35484,0,0
11,9600,30820,30799,28937,30337,36088,35840,0,0
12,10560,39768,22084,28703,30525,35661,36377,0,0
13,11520,47857,14470,28668,30491,35101,37049,0,0
14,12480,54357,8645,28834,30241,34457,37793,0,0
15,13440,58682,5135,29186,29796,33789,38544,0,0
16,14400,60440,4256,29692,29196,33156,39233,0,0
17,15360,59473,6088,30308,28495,32616,39798,0,0
18,16320,55868,10466,30976,27758,32217,40188,0,0
19,17280,49951,16993,31637,27049,31996,40367,0,0
20,18240,42256,25082,32231,26435,31972,40321,0,0
21,19200,33478,34001,32705,25968,32148,40052,0,0
22,20160,24408,42946,33016,25693,32507,39585,0,0
23,21120,15866,51110,33135,25634,33018,38962,0,0
24,22080,8623,57754,33052,25796,33634,38240,0,0
25,23040,3333,62280,32775,26164,34299,37484,0,0
26,24000,472,64279,32328,26705,34954,36761,0,0
27,24960,300,63570,31752,27371,35539,36138,0,0
28,25920,2832,60218,31098,28101,36002,35670,0,0
29,26880,7839,54525,30427,28830,36300,35400,0,0
30,27840,14870,47005,29797,29491,36408,35351,0,0
31,28800,23289,38336,29267,30025,36314,35529,0,0
32,29760,32337,29302,28885,30383,36028,35918,0,0
33,30720,41197,20718,28683,30535,35576,36482,0,0
34,31680,49069,13359,28682,30464,34998,37170,0,0
35,32640,55242,7888,28880,30179,34346,37920,0,0
36,33600,59160,4801,29261,29705,33679,38665,0,0
37,34560,60468,4375,29789,29084,33058,39337,0,0
38,35520,59049,6649,30417,28373,32539,39876,0,0
39,36480,55030,11418,31088,27636,32167,40233,0,0
40,37440,48775,18252,31742,26939,31978,40375,0,0
41,38400,40848,26532,32320,26345,31988,40291,0,0
42,39360,31964,35513,32769,25908,32196,39987,0,0
43,40320,22926,44383,33049,25668,32583,39491,0,0
44,41280,14550,52341,33135,25646,33115,38847,0,0
45,42240,7591,58669,33019,25843,33743,38115,0,0
46,43200,2677,62797,32711,26243,34410,37359,0,0
47,44160,254,64350,32239,26809,35058,36649,0,0
48,45120,538,63190,31646,27490,35626,36048,0,0
49,46080,3505,59420,30986,28224,36064,35610,0,0
50,47040,8886,53382,30317,28946,36332,35376,0,0
51,48000,16196,45620,29701,29590,36406,35365,0,0
52,48960,24776,36834,29192,30098,36279,35580,0,0
53,49920,33849,27819,28838,30424,35964,36001,0,0
54,50880,42598,19387,28669,30538,35487,36589,0,0
55,51840,50233,12300,28701,30431,34893,37292,0,0
56,52800,56064,7198,28932,30112,34234,38046,0,0
57,53760,59566,4541,29340,29610,33571,38784,0,0
58,54720,60421,4569,29888,28970,32963,39438,0,0
59,55680,58553,7280,30527,28250,32465,39949,0,0
60,56640,54130,12429,31200,27515,32123,40272,0,0
61,57600,47552,19550,31846,26831,31966,40377,0,0
62,58560,39413,28002,32405,26260,32009,40255,0,0
63,59520,30446,37021,32829,25854,32249,39916,0,0
64,60480,21463,45793,33078,25649,32663,39392,0,0
65,61440,13273,53526,33130,25664,33214,38730,0,0
66,62400,6615,59523,32980,25897,33853,37989,0,0
67,63360,2092,63241,32643,26327,34521,37236,0,0
68,64320,111,64345,32148,26916,35159,36540,0,0
69,65280,851,62736,31539,27610,35709,35962,0,0
70,66240,4245,58559,30873,28347,36121,35556,0,0
71,67200,9987,52191,30209,29061,36358,35358,0,0
72,68160,17558,44206,29607,29685,36399,35386,0,0
73,69120,26276,35326,29122,30166,36239,35637,0,0
74,70080,35352,26351,28796,30458,35894,36088,0,0
75,71040,43969,18093,28660,30536,35395,36700,0,0
76,72000,51347,11297,28726,30392,34786,37416,0,0
77,72960,56821,6576,28988,30040,34122,38172,0,0
78,73920,59897,4357,29423,29512,33464,38900,0,0
79,74880,60297,4839,29990,28854,32871,39534,0,0
80,75840,57985,7979,30639,28127,32396,40017,0,0
81,76800,53170,13494,31311,27396,32083,40305,0,0
82,77760,46286,20886,31946,26727,31959,40372,0,0
83,78720,37954,29488,32486,26180,32036,40213,0,0
84,79680,28928,38522,32883,25805,32306,39841,0,0
85,80640,20021,47175,33100,25636,32746,39290,0,0
86,81600,12038,54663,33119,25688,33316,38610,0,0
87,82560,5700,60312,32937,25955,33964,37862,0,0
88,83520,1577,63612,32570,26416,34631,37114,0,0
89,84480,44,64265,32053,27026,35258,36433,0,0
90,85440,1237,62211,31431,27732,35788,35882,0,0
91,86400,5050,57636,30761,28470,36173,35508,0,0
92,87360,11138,50954,30103,29172,36379,35347,0,0
93,88320,18952,42767,29517,29777,36386,35413,0,0
94,89280,27786,33814,29055,30228,36194,35699,0,0
95,90240,36842,24904,28760,30486,35821,36181,0,0
96,91200,45304,16841,28657,30527,35299,36814,0,0
97,92160,52407,10352,28757,30348,34677,37541,0,0
98,93120,57511,6024,29050,29963,34011,38297,0,0
99,94080,60153,4248,29509,29410,33359,39014,0,0
100,95040,60097,5182,30094,28736,32783,39627,0,0
101,96000,57347,8744,30751,28003,32332,40080,0,0
102,96960,52151,14612,31421,27278,32049,40332,0,0
103,97920,44978,22256,32044,26625,31958,40361,0,0
104,98880,36477,30985,32564,26104,32068,40165,0,0
105,99840,27413,40013,32932,25762,32369,39760,0,0
106,100800,18606,48523,33118,25629,32833,39184,0,0
107,101760,10850,55749,33102,25718,33420,38488,0,0
108,102720,4846,61036,32888,26020,34075,37736,0,0
109,103680,1135,63909,32493,26508,34740,36994,0,0
110,104640,53,64108,31955,27139,35355,36331,0,0
111,105600,1698,61615,31321,27855,35864,35806,0,0
112,106560,5920,56655,30649,28591,36221,35466,0,0
113,107520,12338,49675,29999,29282,36394,35342,0,0
114,108480,20374,41306,29430,29864,36367,35445,0,0
115,109440,29302,32304,28993,30286,36144,35767,0,0
116,110400,38315,23480,28729,30509,35743,36277,0,0
117,111360,46601,15632,28660,30512,35201,36930,0,0
118,112320,53412,9468,28793,30297,34568,37667,0,0
119,113280,58131,5544,29116,29882,33899,38422,0,0
120,114240,60334,4214,29599,29304,33257,39125,0,0
121,115200,59822,5600,30200,28616,32697,39714,0,0
122,116160,56641,9574,30864,27880,32272,40136,0,0
123,117120,51077,15780,31530,27163,32020,40353,0,0
124,118080,43634,23656,32139,26528,31962,40344,0,0
125,119040,34983,32491,32637,26034,32105,40111,0,0
126,120000,25905,41489,32977,25725,32436,39675,0,0
127,120960,17220,49836,33129,25628,32924,39075,0,0
128,121920,9711,56780,33080,25754,33526,38365,0,0
129,122880,4057,61693,32834,26089,34187,37609,0,0
130,123840,767,64132,32412,26605,34848,36877,0,0
131,124800,139,63876,31854,27254,35448,36232,0,0
132,125760,2230,60950,31210,27978,35935,35735,0,0
133,126720,6851,55617,30537,28711,36263,35430,0,0
134,127680,13584,48358,29897,29388,36404,35343,0,0
135,128640,21822,39828,29347,29947,36343,35484,0,0
136,129600,30821,30799,28937,30337,36088,35840,0,0
137,130560,39769,22084,28703,30525,35661,36377,0,0
138,131520,47858,14471,28668,30491,35101,37049,0,0
139,132480,54358,8646,28834,30241,34457,37794,0,0
140,133440,58682,5136,29186,29795,33789,38544,0,0
141,134400,60440,4257,29693,29196,33156,39233,0,0
142,135360,59473,6089,30308,28495,32616,39798,0,0
143,136320,55868,10467,30976,27758,32217,40188,0,0
144,137280,49951,16994,31637,27049,31996,40367,0,0
145,138240,42256,25083,32232,26435,31972,40320,0,0
146,139200,33478,34002,32705,25968,32148,40052,0,0
147,140160,24409,42947,33016,25693,32507,39585,0,0
148,141120,15867,51110,33135,25634,33018,38962,0,0
149,142080,8624,57754,33052,25796,33634,38240,0,0
150,143040,3334,62280,32775,26164,34299,37484,0,0
151,144000,473,64279,32328,26705,34954,36761,0,0
152,144960,301,63570,31751,27371,35539,36138,0,0
153,145920,2833,60218,31098,28101,36002,35670,0,0
154,146880,7841,54525,30427,28830,36300,35400,0,0
155,147840,14871,47004,29797,29491,36408,35351,0,0
156,148800,23290,38336,29268,30025,36314,35529,0,0
157,149760,32338,29302,28885,30383,36028,35918,0,0
158,150720,41198,20718,28683,30535,35576,36482,0,0
159,151680,49069,13359,28682,30464,34998,37170,0,0
160,152640,55243,7889,28880,30179,34346,37920,0,0
161,153600,59160,4802,29261,29705,33679,38665,0,0
162,154560,60468,4376,29789,29084,33058,39337,0,0
163,155520,59049,6650,30417,28373,32539,39876,0,0
164,156480,55030,11419,31088,27636,32167,40233,0,0
165,157440,48775,18252,31742,26939,31978,40375,0,0
166,158400,40848,26533,32320,26345,31988,40291,0,0
167,159360,31965,35513,32769,25908,32196,39987,0,0
168,160320,22927,44383,33049,25668,32583,39491,0,0
169,161280,14550,52341,33135,25646,33115,38847,0,0
170,162240,7591,58669,33019,25843,33743,38115,0,0
171,163200,2678,62796,32711,26243,34410,37359,0,0
172,164160,255,64350,32239,26809,35058,36649,0,0
173,165120,539,63190,31646,27490,35626,36048,0,0
174,166080,3506,59420,30986,28224,36064,35610,0,0
175,167040,8887,53382,30317,28946,36332,35376,0,0
176,168000,16197,45619,29701,29590,36406,35365,0,0
177,168960,24776,36834,29192,30098,36279,35580,0,0
178,169920,33850,27819,28838,30424,35963,36001,0,0
179,170880,42599,19387,28669,30538,35487,36589,0,0
180,171840,50234,12301,28701,30431,34892,37292,0,0
181,172800,56065,7199,28932,30112,34234,38046,0,0
182,173760,59566,4542,29340,29610,33571,38784,0,0
183,174720,60421,4570,29888,28970,32963,39438,0,0
184,175680,58553,7281,30528,28250,32465,39949,0,0
185,176640,54130,12429,31200,27515,32123,40272,0,0
186,177600,47552,19551,31846,26831,31966,40377,0,0
187,178560,39413,28003,32405,26260,32009,40255,0,0
188,179520,30447,37021,32829,25854,32249,39916,0,0
189,180480,21463,45793,33078,25649,32663,39392,0,0
190,181440,13273,53526,33130,25664,33214,38730,0,0
191,182400,6616,59523,32980,25897,33853,37989,0,0
192,183360,2093,63241,32643,26327,34521,37236,0,0
193,184320,112,64345,32148,26916,35159,36540,0,0
194,185280,852,62736,31539,27610,35709,35962,0,0
195,186240,4246,58559,30873,28347,36121,35556,0,0
196,187200,9988,52190,30209,29061,36358,35358,0,0
197,188160,17559,44205,29607,29685,36399,35386,0,0
198,189120,26276,35325,29122,30166,36239,35637,0,0
199,190080,35353,26351,28796,30458,35894,36089,0,0
200,191040,43969,18094,28660,30536,35395,36700,0,0
201,192000,51347,11298,28726,30392,34786,37416,0,0
202,192960,56821,6577,28988,30040,34122,38172,0,0
203,193920,59897,4357,29423,29512,33464,38900,0,0
204,194880,60297,4839,29990,28854,32871,39534,0,0
205,195840,57985,7980,30639,28127,32396,40017,0,0
206,196800,53169,13495,31311,27396,32083,40305,0,0
207,197760,46285,20887,31946,26727,31959,40372,0,0
208,198720,37954,29488,32486,26180,32036,40213,0,0
209,199680,28558,38551,29417,19376,35778,46431,65535,0
210,200640,19109,49612,19942,17055,45889,47884,65535,0
211,201600,9737,56833,24889,18332,41663,45971,65535,0
212,202560,3829,59393,31414,22887,35614,41086,65535,0
213,203520,1926,63908,32936,26606,34243,36894,65535,0
214,204480,1846,65535,39651,32339,27576,30880,65535,0
215,205440,0,63392,47880,39716,19535,23493,65535,0
216,206400,1778,62246,53325,46927,13994,16195,65535,0
217,207360,4981,57377,58956,53474,8163,9889,65535,0
218,208320,11878,47359,64225,61240,2419,2765,65535,0
219,209280,27070,33019,65535,65107,0,0,65535,0
220,210240,43322,16705,62669,65535,1650,927,65535,0
221,211200,57415,5223,57002,61735,6244,5785,65535,0
222,212160,65535,1686,49486,54938,13113,13051,65535,0
223,213120,63209,0,41609,47506,21112,20813,65535,0
224,214080,56464,4256,34091,39738,29079,28422,65535,0
225,215040,52102,14977,26770,32301,36674,35151,65535,0
226,216000,44669,20784,19346,25043,44598,42107,65535,0
227,216960,40913,25788,12046,17901,52128,49012,65535,0
228,217920,39468,31347,5977,11405,58265,55208,65535,0
229,218880,33030,36116,2334,6350,62359,59992,65535,0
230,219840,24346,43802,2028,3994,63302,61764,65535,0
231,220800,15950,52324,5293,5062,60677,59956,65535,0
232,221760,7680,56407,11491,9362,55126,55205,65535,0
233,222720,3199,59085,18817,15271,48177,48922,65535,0
234,223680,4508,63415,25992,21497,40952,42175,65535,0
235,224640,3635,62002,33444,28380,33611,35235,65535,0
236,225600,3618,59317,40756,35503,26347,28155,65535,0
237,226560,6835,57858,48038,42997,18875,20593,65535,0
238,227520,9529,51346,54618,50517,12139,13427,65535,0
239,228480,17654,41325,59256,57007,6932,7611,65535,0
240,229440,32569,28098,60724,60961,4374,4664,65535,0
241,230400,46830,12953,58704,61187,5332,5699,65535,0
242,231360,58829,3698,53320,57345,9797,10414,65535,0
243,232320,64795,1945,46148,50846,16485,17225,65535,0
244,233280,61106,1597,39082,43841,23777,24437,65535,0
245,234240,54544,6858,31967,36586,31330,31437,65535,0
246,235200,50369,17010,24763,29345,38796,38012,65535,0
247,236160,43425,22136,17568,22323,46457,44783,65535,0
248,237120,40205,27140,10609,15400,53608,51464,65535,0
249,238080,38062,32887,4930,9112,59409,57431,65535,0
250,239040,30464,38501,1857,4516,63022,61673,65535,0
251,240000,21498,46877,2230,2829,63311,62701,65535,0
252,240960,13098,54703,6098,4655,60087,60174,65535,0
253,241920,5857,57484,12572,9505,54187,54968,65535,0
254,242880,3560,59420,19846,15610,47129,48545,65535,0
255,243840,6470,61603,26997,22021,39809,41788,65535,0
256,244800,6510,57685,34404,28957,32446,35004,65535,0
257,245760,8367,54551,41667,36018,25093,28026,65535,0
258,246720,11747,52207,48897,43374,17659,20679,65535,0
259,247680,14283,45432,55256,50573,11154,13864,65535,0
260,248640,22712,36340,59462,56519,6354,8529,65535,0
261,249600,36283,24156,60398,59741,4425,6244,65535,0
262,250560,48662,11192,57828,59212,6067,7873,65535,0
263,251520,58770,4799,52079,54831,11035,12900,65535,0
264,252480,62472,4431,44851,48239,17945,19690,65535,0
265,253440,57218,4709,37822,41345,25315,26736,65535,0
266,254400,51601,11267,30613,34151,32893,33564,65535,0
267,255360,47414,20371,23403,27062,40365,40071,65535,0
268,256320,41058,24495,16149,20084,48041,46881,65535,0
269,257280,38863,29551,9312,13248,54996,53468,65535,0
270,258240,35963,35082,3995,7193,60493,59214,65535,0
271,259200,27671,41047,1508,3086,63575,62926,65535,0
272,260160,19102,49573,2495,2084,63225,63239,65535,0
273,261120,11166,55957,6979,4694,59353,60029,65535,0
274,262080,5325,57089,13814,10108,52993,54383,65535,0
275,263040,5467,58304,21087,16405,45755,47824,65535,0
276,264000,9423,58390,28312,22994,38284,41060,65535,0
277,264960,10043,52721,35761,29987,30838,34364,65535,0
278,265920,13161,49779,43079,37017,23336,27401,65535,0
279,266880,16076,46912,50277,44259,15969,20215,65535,0
280,267840,18352,40313,56393,51158,9725,13693,65535,0
281,268800,27022,32165,60120,56562,5383,8834,65535,0
282,269760,39115,21038,60460,59042,4154,7222,65535,0
283,270720,49825,10389,57211,57684,6594,9507,65535,0
284,271680,58133,6787,50981,52703,12173,14915,65535,0
285,272640,59593,7440,43632,45982,19367,21753,65535,0
286,273600,53065,8398,36512,39093,26923,28737,65535,0
287,274560,48361,16194,29131,31894,34604,35466,65535,0
288,275520,43946,24044,21848,24889,42165,41993,65535,0
289,276480,38407,27362,14505,17918,49869,48862,65535,0
290,277440,37194,32293,7789,11170,56632,55369,65535,0
291,278400,33639,37346,2870,5393,61782,60870,65535,0
292,279360,25158,43501,1011,1844,64253,63994,65535,0
293,280320,17283,51651,2680,1594,63175,63568,65535,0
294,281280,10039,56079,7819,5018,58602,59686,65535,0
295,282240,5877,55648,15026,10953,51747,53637,65535,0
296,283200,8435,56344,22361,17425,44271,46942,65535,0
297,284160,12706,54327,29752,24204,36612,40159,65535,0
298,285120,13707,47734,37280,31229,29059,33507,65535,0
299,286080,17591,45385,44713,38257,21386,26498,65535,0
300,287040,19672,42138,51873,45397,14119,19448,65535,0
301,288000,21937,36024,57704,51996,8158,13192,65535,0
302,288960,30778,28711,60891,56848,4341,8830,65535,0
303,289920,41328,18566,60606,58574,3847,7909,65535,0
304,290880,50528,10401,56627,56366,7123,10857,65535,0
305,291840,57012,9401,49874,50782,13355,16667,65535,0
306,292800,56223,10592,42402,43947,20838,23576,65535,0
307,293760,48892,12472,35125,37005,28609,30537,65535,0
308,294720,44967,21262,27558,29781,36416,37208,65535,0
309,295680,40232,27626,20157,22815,44119,43819,65535,0
310,296640,35862,30366,12736,15847,51814,50735,65535,0
311,297600,35509,35054,6171,9204,58364,57154,65535,0
312,298560,31302,39545,1694,3756,63122,62365,65535,0
313,299520,23143,45722,481,813,64928,64865,65535,0
314,300480,15947,52990,2907,1382,63047,63674,65535,0
315,301440,9483,55267,8715,5608,57752,59149,65535,0
316,302400,7246,53625,16241,11974,50439,52759,65535,0
317,303360,11901,53903,23680,18601,42705,45940,65535,0
318,304320,15919,49821,31288,25565,34849,39141,65535,0
319,305280,17408,43117,38900,32596,27176,32493,65535,0
320,306240,21601,41363,46467,39642,19348,25414,65535,0
321,307200,22678,37851,53563,46679,12219,18492,65535,0
322,308160,25175,32397,59065,52971,6568,12497,65535,0
323,309120,33948,25809,61657,57238,3346,8673,65535,0
324,310080,42929,16798,60709,58187,3627,8454,65535,0
325,311040,50755,11250,55991,55129,7738,12054,65535,0
326,312000,55376,12399,48735,48992,14608,18251,65535,0
327,312960,52297,13802,41147,42066,22374,25236,65535,0
328,313920,44820,16829,33664,35034,30360,32194,65535,0
329,314880,41612,26199,25928,27793,38283,38834,65535,0
330,315840,36694,30919,18370,20835,46156,45574,65535,0
331,316800,33732,33299,10908,13876,53788,52511,65535,0
332,317760,33863,37623,4543,7369,60102,58821,65535,0
333,318720,28945,41600,564,2299,64418,63687,65535,0
334,319680,21405,47696,0,0,65535,65535,65535,0
335,320640,14901,53663,3236,1431,62797,63567,65535,65535
336,321600,9409,53705,9711,6429,56768,58438,65535,65535
337,322560,9187,51406,17476,13114,49069,51776,65535,65535
338,323520,15511,51059,25051,19891,41077,44855,65535,65535
339,324480,23363,40769,30897,27345,34182,38376,65535,65535
340,325440,30257,34280,30897,28083,34182,37860,65535,65535
341,326400,30257,34280,30897,28083,34182,37860,65535,65535
342,327360,30257,34280,30897,28083,34182,37860,65535,65535
343,328320,30257,34280,30897,28083,34182,37860,65535,65535
344,329280,30257,34280,30897,28083,34182,37860,65535,65535
345,330240,30257,34280,30897,28083,34182,37860,65535,65535
346,331200,30257,34280,30897,28083,34182,37860,65535,65535
347,332160,30257,34280,30897,28083,34182,37860,65535,65535
348,333120,30257,34280,30897,28083,34183,37860,65535,65535
349,334080,30257,34280,30897,28083,34183,37860,65535,65535
350,335040,30257,34280,30897,28083,34183,37860,65535,65535
351,336000,30257,34280,30897,28083,34183,37860,65535,65535
352,336960,30257,34280,30897,28083,34183,37860,65535,65535
353,337920,30257,34280,30897,28083,34182,37860,65535,65535
354,338880,30257,34281,30897,28083,34182,37860,65535,65535
355,339840,30257,34281,30897,28083,34182,37860,65535,65535
356,340800,30257,34281,30897,28083,34182,37860,65535,65535
357,341760,30257,34281,30897,28083,34182,37860,65535,65535
358,342720,30257,34281,30897,28083,34182,37860,65535,65535
359,343680,30257,34281,30897,28083,34182,37860,65535,65535
360,344640,30257,34280,30897,28083,34182,37860,65535,65535
361,345600,30257,34280,30897,28083,34182,37860,65535,65535
362,346560,30257,34280,30897,28083,34182,37860,65535,65535
363,347520,30257,34280,30897,28083,34182,37860,65535,65535
364,348480,30257,34280,30897,28083,34182,37860,65535,65535
365,349440,30257,34280,30897,28083,34182,37860,65535,65535
366,350400,30257,34280,30897,28083,34182,37860,65535,65535
367,351360,30257,34280,30897,28083,34182,37860,65535,65535
368,352320,30257,34280,30897,28083,34183,37860,65535,65535
369,353280,30257,34280,30897,28083,34183,37860,65535,65535
370,354240,30257,34280,30897,28083,34183,37860,65535,65535
371,355200,30257,34280,30897,28083,34183,37860,65535,65535
372,356160,30257,34280,30897,28083,34183,37860,65535,65535
373,357120,30257,34280,30897,28083,34182,37860,65535,65535
374,358080,30257,34280,30897,28083,34182,37860,65535,65535
375,359040,30257,34281,30897,28083,34182,37860,65535,65535
376,360000,30257,34281,30897,28083,34182,37860,65535,65535
377,360960,30258,34281,30897,28083,34182,37860,65535,65535
378,361920,30258,34281,30897,28083,34182,37860,65535,65535
379,362880,30257,34281,30897,28083,34182,37860,65535,65535
380,363840,30257,34281,30897,28083,34182,37860,65535,65535
381,364800,30257,34280,30897,28083,34182,37860,65535,65535
382,365760,30257,34280,30897,28083,34182,37860,65535,65535
383,366720,30257,34280,30897,28083,34182,37860,65535,65535
384,367680,30257,34280,30897,28083,34182,37860,65535,65535
385,368640,30257,34280,30897,28083,34182,37860,65535,65535
386,369600,30257,34280,30897,28083,34182,37860,65535,65535
387,370560,30257,34280,30897,28083,34182,37860,65535,65535
388,371520,30257,34280,30897,28083,34182,37860,65535,65535
389,372480,30257,34280,30897,28083,34183,37860,65535,65535
390,373440,30257,34280,30897,28083,34183,37860,65535,65535
391,374400,30257,34280,30897,28083,34183,37860,65535,65535
392,375360,30257,34280,30897,28083,34183,37860,65535,65535
393,376320,30257,34280,30897,28083,34183,37860,65535,65535
394,377280,30257,34280,30897,28083,34182,37860,65535,65535
395,378240,30257,34280,30897,28083,34182,37860,65535,65535
396,379200,30257,34281,30897,28083,34182,37860,65535,65535
397,380160,30258,34281,30897,28083,34182,37860,65535,65535
398,381120,30258,34281,30897,28083,34182,37860,65535,65535
399,382080,30258,34281,30897,28083,34182,37860,65535,65535
400,383040,30257,34281,30897,28083,34182,37860,65535,65535
401,384000,30257,34281,30897,28083,34182,37860,65535,65535
402,384960,30257,34280,30897,28083,34182,37860,65535,65535
403,385920,30257,34280,30897,28083,34182,37860,65535,65535
404,386880,30257,34280,30897,28083,34182,37860,65535,65535
405,387840,30257,34280,30897,28083,34182,37860,65535,65535
406,388800,30257,34280,30897,28083,34182,37860,65535,65535
407,389760,30257,34280,30897,28083,34182,37860,65535,65535
408,390720,30257,34280,30897,28083,34182,37860,65535,65535
409,391680,30257,34280,30897,28083,34182,37860,65535,65535
410,392640,30257,34280,30897,28083,34183,37860,65535,65535
411,393600,30257,34280,30897,28083,34183,37860,65535,65535
412,394560,30257,34280,30897,28083,34183,37860,65535,65535
413,395520,30257,34280,30897,28083,34183,37860,65535,65535
414,396480,30257,34280,30897,28083,34183,37860,65535,65535
415,397440,30257,34280,30897,28083,34182,37860,65535,65535
416,398400,30257,34281,30897,28083,34182,37860,65535,65535
417,399360,30257,34281,30897,28083,34182,37860,65535,65535
418,400320,30258,34281,30897,28083,34182,37860,65535,65535
419,401280,30258,34281,30897,28083,34182,37860,65535,65535
420,402240,30258,34281,30897,28083,34182,37860,65535,65535
421,403200,30257,34281,30897,28083,34182,37860,65535,65535
422,404160,30257,34280,30897,28083,34182,37860,65535,65535
423,405120,30257,34280,30897,28083,34182,37860,65535,65535
424,406080,30257,34280,30897,28083,34182,37860,65535,65535
425,407040,30257,34280,30897,28083,34182,37860,65535,65535
426,408000,30257,34280,30897,28083,34182,37860,65535,65535
427,408960,30257,34280,30897,28083,34182,37860,65535,65535
428,409920,30257,34280,30897,28083,34182,37860,65535,65535
429,410880,30257,34280,30897,28083,34182,37860,65535,65535
430,411840,30257,34280,30897,28083,34182,37860,65535,65535
431,412800,30257,34280,30897,28083,34183,37860,65535,65535
432,413760,30257,34280,30897,28083,34183,37860,65535,65535
433,414720,30257,34280,30897,28083,34183,37860,65535,65535
434,415680,30257,34280,30897,28083,34183,37860,65535,65535
435,416640,30257,34280,30897,28083,34183,37860,65535,65535
436,417600,30257,34280,30897,28083,34182,37860,65535,65535
437,418560,30257,34281,30897,28083,34182,37860,65535,65535
438,419520,30257,34281,30897,28083,34182,37860,65535,65535
439,420480,30258,34281,30897,28083,34182,37860,65535,65535
440,421440,30258,34281,30897,28083,34182,37860,65535,65535
441,422400,30257,34281,30897,28083,34182,37860,65535,65535
442,423360,30257,34281,30897,28083,34182,37860,65535,65535
443,424320,30257,34280,30897,28083,34182,37860,65535,65535
444,425280,30257,34280,30897,28083,34182,37860,65535,65535
445,426240,30257,34280,30897,28083,34182,37860,65535,65535
446,427200,30257,34280,30897,28083,34182,37860,65535,65535
447,428160,30257,34280,30897,28083,34182,37860,65535,65535
448,429120,30257,34280,30897,28083,34182,37860,65535,65535
449,430080,30257,34280,30897,28083,34182,37860,65535,65535
450,431040,30257,34280,30897,28083,34182,37860,65535,65535
451,432000,30257,34280,30897,28083,34183,37860,65535,65535
452,432960,30257,34280,30897,28083,34183,37860,65535,65535
453,433920,30257,34280,30897,28083,34183,37860,65535,65535
454,434880,30257,34280,30897,28083,34183,37860,65535,65535
455,435840,30257,34280,30897,28083,34183,37860,65535,65535
456,436800,30257,34280,30897,28083,34183,37860,65535,65535
457,437760,30257,34280,30897,28083,34182,37860,65535,65535
458,438720,30257,34281,30897,28083,34182,37860,65535,65535
459,439680,30257,34281,30897,28083,34182,37860,65535,65535
460,440640,30258,34281,30897,28083,34182,37860,65535,65535
461,441600,30258,34281,30897,28083,34182,37860,65535,65535
462,442560,30257,34281,30897,28083,34182,37860,65535,65535
463,443520,30257,34281,30897,28083,34182,37860,65535,65535
464,444480,30257,34280,30897,28083,34182,37860,65535,65535
465,445440,30257,34280,30897,28083,34182,37860,65535,65535
466,446400,30257,34280,30897,28083,34182,37860,65535,65535
467,447360,30257,34280,30897,28083,34182,37860,65535,65535
468,448320,30257,34280,30897,28083,34182,37860,65535,65535
469,449280,30257,34280,30897,28083,34182,37860,65535,65535
470,450240,30257,34280,30897,28083,34182,37860,65535,65535
471,451200,30257,34280,30897,28083,34182,37860,65535,65535
472,452160,30257,34280,30897,28083,34183,37860,65535,65535
473,453120,30257,34280,30897,28083,34183,37860,65535,65535
474,454080,30257,34280,30897,28083,34183,37860,65535,65535
475,455040,30257,34280,30897,28083,34183,37860,65535,65535
476,456000,30257,34280,30897,28083,34183,37860,65535,65535
477,456960,30257,34280,30897,28083,34183,37860,65535,65535
478,457920,30257,34280,30897,28083,34182,37860,65535,65535
479,458880,30257,34281,30897,28083,34182,37860,65535,65535
480,459840,30257,34281,30897,28083,34182,37860,65535,65535
481,460800,30258,34281,30897,28083,34182,37860,65535,65535
482,461760,30258,34281,30897,28083,34182,37860,65535,65535
483,462720,30257,34281,30897,28083,34182,37860,65535,65535
484,463680,30257,34281,30897,28083,34182,37860,65535,65535
485,464640,30257,34280,30897,28083,34182,37860,65535,65535
486,465600,30257,34280,30897,28083,34182,37860,65535,65535
487,466560,30257,34280,30897,28083,34182,37860,65535,65535
488,467520,30257,34280,30897,28083,34182,37860,65535,65535
489,468480,30257,34280,30897,28083,34182,37860,65535,65535
490,469440,30257,34280,30897,28083,34182,37860,65535,65535
491,470400,30257,34280,30897,28083,34182,37860,65535,65535
492,471360,30257,34280,30897,28083,34182,37860,65535,65535
493,472320,30257,34280,30897,28083,34183,37860,65535,65535
494,473280,30257,34280,30897,28083,34183,37860,65535,65535
495,474240,30257,34280,30897,28083,34183,37860,65535,65535
496,475200,30257,34280,30897,28083,34183,37860,65535,65535
497,476160,30257,34280,30897,28083,34183,37860,65535,65535
498,477120,30257,34280,30897,28083,34182,37860,65535,65535
499,478080,30257,34280,30897,28083,34182,37860,65535,65535
500,479040,30257,34281,30897,28083,34182,37860,65535,65535
501,480000,30258,34281,30897,28083,34182,37860,65535,65535
502,480960,30258,34281,30897,28083,34182,37860,65535,65535
503,481920,30258,34281,30897,28083,34182,37860,65535,65535
504,482880,30257,34281,30897,28083,34182,37860,65535,65535
505,483840,30257,34281,30897,28083,34182,37860,65535,65535
506,484800,30257,34280,30897,28083,34182,37860,65535,65535
507,485760,30257,34280,30897,28083,34182,37860,65535,65535
508,486720,30257,34280,30897,28083,34182,37860,65535,65535
509,487680,30257,34280,30897,28083,34182,37860,65535,65535
510,488640,30257,34280,30897,28083,34182,37860,65535,65535
511,489600,30257,34280,30897,28083,34182,37860,65535,65535
512,490560,30257,34280,30897,28083,34182,37860,65535,65535
513,491520,30257,34280,30897,28083,34182,37860,65535,65535
514,492480,30257,34280,30897,28083,34183,37860,65535,65535
515,493440,30257,34280,30897,28083,34183,37860,65535,65535
516,494400,30257,34280,30897,28083,34183,37860,65535,65535
517,495360,30257,34280,30897,28083,34183,37860,65535,65535
518,496320,30257,34280,30897,28083,34183,37860,65535,65535
519,497280,30257,34280,30897,28083,34182,37860,65535,65535
520,498240,30257,34281,30897,28083,34182,37860,65535,65535
521,499200,30257,34281,30897,28083,34182,37860,65535,65535
522,500160,30258,34281,30897,28083,34182,37860,65535,65535
523,501120,30258,34281,30897,28083,34182,37860,65535,65535
524,502080,30258,34281,30897,28083,34182,37860,65535,65535
525,503040,30257,34281,30897,28083,34182,37860,65535,65535
526,504000,30257,34281,30897,28083,34182,37860,65535,65535
527,504960,30257,34280,30897,28083,34182,37860,65535,65535
528,505920,30257,34280,30897,28083,34182,37860,65535,65535
529,506880,30257,34280,30897,28083,34182,37860,65535,65535
530,507840,30257,34280,30897,28083,34182,37860,65535,65535
531,508800,30257,34280,30897,28083,34182,37860,65535,65535
532,509760,30257,34280,30897,28083,34182,37860,65535,65535
533,510720,30257,34280,30897,28083,34182,37860,65535,65535
534,511680,30257,34280,30897,28083,34182,37860,65535,65535
535,512640,30257,34280,30897,28083,34183,37860,65535,65535
536,513600,30257,34280,30897,28083,34183,37860,65535,65535
537,514560,30257,34280,30897,28083,34183,37860,65535,65535
538,515520,30257,34280,30897,28083,34183,37860,65535,65535
539,516480,30257,34280,30897,28083,34183,37860,65535,65535
540,517440,30257,34280,30897,28083,34182,37860,65535,65535
541,518400,30257,34281,30897,28083,34182,37860,65535,65535
542,519360,30257,34281,30897,28083,34182,37860,65535,65535
543,520320,30258,34281,30897,28083,34182,37860,65535,65535
544,521280,30258,34281,30897,28083,34182,37860,65535,65535
545,522240,30258,34281,30897,28083,34182,37860,65535,65535
546,523200,30257,34281,30897,28083,34182,37860,65535,65535
547,524160,30257,34281,30897,28083,34182,37860,65535,65535
548,525120,30257,34280,30897,28083,34182,37860,65535,65535
549,526080,30257,34280,30897,28083,34182,37860,65535,65535
550,527040,30257,34280,30897,28083,34182,37860,65535,65535
551,528000,30257,34280,30897,28083,34182,37860,65535,65535
552,528960,30257,34280,30897,28083,34182,37860,65535,65535
553,529920,30257,34280,30897,28083,34182,37860,65535,65535
554,530880,30257,34280,30897,28083,34182,37860,65535,65535
555,531840,30257,34280,30897,28083,34182,37860,65535,65535
556,532800,30257,34280,30897,28083,34183,37860,65535,65535
557,533760,30257,34280,30897,28083,34183,37860,65535,65535
558,534720,30257,34280,30897,28083,34183,37860,65535,65535
559,535680,30257,34280,30897,28083,34183,37860,65535,65535
560,536640,30257,34280,30897,28083,34183,37860,65535,65535
561,537600,30257,34280,30897,28083,34182,37860,65535,65535
562,538560,30257,34281,30897,28083,34182,37860,65535,65535
563,539520,30257,34281,30897,28083,34182,37860,65535,65535
564,540480,30258,34281,30897,28083,34182,37860,65535,65535
565,541440,30258,34281,30897,28083,34182,37860,65535,65535
566,542400,30257,34281,30897,28083,34182,37860,65535,65535
567,543360,30257,34281,30897,28083,34182,37860,65535,65535
568,544320,30257,34280,30897,28083,34182,37860,65535,65535
569,545280,30257,34280,30897,28083,34182,37860,65535,65535
570,546240,30257,34280,30897,28083,34182,37860,65535,65535
571,547200,30257,34280,30897,28083,34182,37860,65535,65535
572,548160,30257,34280,30897,28083,34182,37860,65535,65535
573,549120,30257,34280,30897,28083,34182,37860,65535,65535
574,550080,30257,34280,30897,28083,34182,37860,65535,65535
575,551040,30257,34280,30897,28083,34182,37860,65535,65535
576,552000,30257,34280,30897,28083,34183,37860,65535,65535
577,552960,30257,34280,30897,28083,34183,37860,65535,65535
578,553920,30257,34280,30897,28083,34183,37860,65535,65535
579,554880,30257,34280,30897,28083,34183,37860,65535,65535
580,555840,30257,34280,30897,28083,34183,37860,65535,65535
581,556800,30257,34280,30897,28083,34183,37860,65535,65535
582,557760,30257,34280,30897,28083,34182,37860,65535,65535
583,558720,30257,34281,30897,28083,34182,37860,65535,65535
584,559680,30257,34281,30897,28083,34182,37860,65535,65535
585,560640,30258,34281,30897,28083,34182,37860,65535,65535
586,561600,30258,34281,30897,28083,34182,37860,65535,65535
587,562560,30257,34281,30897,28083,34182,37860,65535,65535
588,563520,30257,34281,30897,28083,34182,37860,65535,65535
589,564480,30257,34280,30897,28083,34182,37860,65535,65535
590,565440,30257,34280,30897,28083,34182,37860,65535,65535
591,566400,30257,34280,30897,28083,34182,37860,65535,65535
592,567360,30257,34280,30897,28083,34182,37860,65535,65535
593,568320,30257,34280,30897,28083,34182,37860,65535,65535
594,569280,30257,34280,30897,28083,34182,37860,65535,65535
595,570240,30257,34280,30897,28083,34182,37860,65535,65535
596,571200,30257,34280,30897,28083,34182,37860,65535,65535
597,572160,30257,34280,30897,28083,34183,37860,65535,65535
598,573120,30257,34280,30897,28083,34183,37860,65535,65535
599,574080,30257,34280,30897,28083,34183,37860,65535,65535
600,575040,30257,34280,30897,28083,34183,37860,65535,65535
601,576000,30257,34280,30897,28083,34183,37860,65535,65535
602,576960,30257,34280,30897,28083,34183,37860,65535,65535
603,577920,30257,34280,30897,28083,34182,37860,65535,65535
604,578880,30257,34281,30897,28083,34182,37860,65535,65535
605,579840,30257,34281,30897,28083,34182,37860,65535,65535
606,580800,30258,34281,30897,28083,34182,37860,65535,65535
607,581760,30258,34281,30897,28083,34182,37860,65535,65535
608,582720,30257,34281,30897,28083,34182,37860,65535,65535
609,583680,30257,34281,30897,28083,34182,37860,65535,65535
610,584640,30257,34280,30897,28083,34182,37860,65535,65535
611,585600,30257,34280,30897,28083,34182,37860,65535,65535
612,586560,30257,34280,30897,28083,34182,37860,65535,65535
613,587520,30257,34280,30897,28083,34182,37860,65535,65535
614,588480,30257,34280,30897,28083,34182,37860,65535,65535
615,589440,30257,34280,30897,28083,34182,37860,65535,65535
616,590400,30257,34280,30897,28083,34182,37860,65535,65535
617,591360,30257,34280,30897,28083,34182,37860,65535,65535
618,592320,30257,34280,30897,28083,34183,37860,65535,65535
619,593280,30257,34280,30897,28083,34183,37860,65535,65535
620,594240,30257,34280,30897,28083,34183,37860,65535,65535
621,595200,30257,34280,30897,28083,34183,37860,65535,65535
622,596160,30257,34280,30897,28083,34183,37860,65535,65535
623,597120,30257,34280,30897,28083,34182,37860,65535,65535
624,598080,30257,34280,30897,28083,34182,37860,65535,65535
625,599040,30257,34281,30897,28083,34182,37860,65535,65535
626,600000,30257,34281,30897,28083,34182,37860,65535,65535
627,600960,30258,34281,30897,28083,34182,37860,65535,65535
628,601920,30258,34281,30897,28083,34182,37860,65535,65535
629,602880,30257,34281,30897,28083,34182,37860,65535,65535
630,603840,30257,34281,30897,28083,34182,37860,65535,65535
631,604800,30257,34280,30897,28083,34182,37860,65535,65535
632,605760,30257,34280,30897,28083,34182,37860,65535,65535
633,606720,30257,34280,30897,28083,34182,37860,65535,65535
634,607680,30257,34280,30897,28083,34182,37860,65535,65535
635,608640,30257,34280,30897,28083,34182,37860,65535,65535
636,609600,30257,34280,30897,28083,34182,37860,65535,65535
637,610560,30257,34280,30897,28083,34182,37860,65535,65535
638,611520,30257,34280,30897,28083,34182,37860,65535,65535
639,612480,30257,34280,30897,28083,34183,37860,65535,65535
640,613440,30257,34280,30897,28083,34183,37860,65535,65535
641,614400,30257,34280,30897,28083,34183,37860,65535,65535
642,615360,30257,34280,30897,28083,34183,37860,65535,65535
643,616320,30257,34280,30897,28083,34183,37860,65535,65535
644,617280,30257,34280,30897,28083,34182,37860,65535,65535
645,618240,30257,34280,30897,28083,34182,37860,65535,65535
646,619200,30257,34281,30897,28083,34182,37860,65535,65535
647,620160,30257,34281,30897,28083,34182,37860,65535,65535
648,621120,30258,34281,30897,28083,34182,37860,65535,65535
649,622080,30258,34281,30897,28083,34182,37860,65535,65535
650,623040,30257,34281,30897,28083,34182,37860,65535,65535
651,624000,30257,34281,30897,28083,34182,37860,65535,65535
652,624960,30257,34280,30897,28083,34182,37860,65535,65535
653,625920,30257,34280,30897,28083,34182,37860,65535,65535
654,626880,30257,34280,30897,28083,34182,37860,65535,65535
655,627840,30257,34280,30897,28083,34182,37860,65535,65535
656,628800,30257,34280,30897,28083,34182,37860,65535,65535
657,629760,30257,34280,30897,28083,34182,37860,65535,65535
658,630720,30257,34280,30897,28083,34182,37860,65535,65535
659,631680,30257,34280,30897,28083,34182,37860,65535,65535
660,632640,30257,34280,30897,28083,34183,37860,65535,65535
661,633600,30257,34280,30897,28083,34183,37860,65535,65535
662,634560,30257,34280,30897,28083,34183,37860,65535,65535
663,635520,30257,34280,30897,28083,34183,37860,65535,65535
664,636480,30257,34280,30897,28083,34183,37860,65535,65535
665,637440,30257,34280,30897,28083,34182,37860,65535,65535
666,638400,30257,34281,30897,28083,34182,37860,65535,65535
667,639360,30257,34281,30897,28083,34182,37860,65535,65535
668,640320,30258,34281,30897,28083,34182,37860,65535,65535
669,641280,30258,34281,30897,28083,34182,37860,65535,65535
670,642240,30257,34281,30897,28083,34182,37860,65535,65535
671,643200,30257,34281,30897,28083,34182,37860,65535,65535
672,644160,30257,34281,30897,28083,34182,37860,65535,65535
673,645120,30257,34280,30897,28083,34182,37860,65535,65535
674,646080,30257,34280,30897,28083,34182,37860,65535,65535
675,647040,30257,34280,30897,28083,34182,37860,65535,65535
676,648000,30257,34280,30897,28083,34182,37860,65535,65535
677,648960,30257,34280,30897,28083,34182,37860,65535,65535
678,649920,30257,34280,30897,28083,34182,37860,65535,65535
679,650880,30257,34280,30897,28083,34182,37860,65535,65535
680,651840,30257,34280,30897,28083,34182,37860,65535,65535
681,652800,30257,34280,30897,28083,34183,37860,65535,65535
682,653760,30257,34280,30897,28083,34183,37860,65535,65535
683,654720,30257,34280,30897,28083,34183,37860,65535,65535
684,655680,30257,34280,30897,28083,34183,37860,65535,65535
685,656640,30257,34280,30897,28083,34183,37860,65535,65535
686,657600,30257,34280,30897,28083,34182,37860,65535,65535
687,658560,30257,34281,30897,28083,34182,37860,65535,65535
688,659520,30257,34281,30897,28083,34182,37860,65535,65535
689,660480,30258,34281,30897,28083,34182,37860,65535,65535
690,661440,30258,34281,30897,28083,34182,37860,65535,65535
691,662400,30257,34281,30897,28083,34182,37860,65535,65535
692,663360,30257,34281,30897,28083,34182,37860,65535,65535
693,664320,30257,34280,30897,28083,34182,37860,65535,65535
694,665280,30257,34280,30897,28083,34182,37860,65535,65535
695,666240,30257,34280,30897,28083,34182,37860,65535,65535
696,667200,30257,34280,30897,28083,34182,37860,65535,65535
697,668160,30257,34280,30897,28083,34182,37860,65535,65535
698,669120,30257,34280,30897,28083,34182,37860,65535,65535
699,670080,30257,34280,30897,28083,34182,37860,65535,65535
700,671040,30257,34280,30897,28083,34182,37860,65535,65535
701,672000,30257,34280,30897,28083,34182,37860,65535,65535
702,672960,30257,34280,30897,28083,34183,37860,65535,65535
703,673920,30257,34280,30897,28083,34183,37860,65535,65535
704,674880,30257,34280,30897,28083,34183,37860,65535,65535
705,675840,30257,34280,30897,28083,34183,37860,65535,65535
706,676800,30257,34280,30897,28083,34183,37860,65535,65535
707,677760,30257,34280,30897,28083,34182,37860,65535,65535
708,678720,30257,34281,30897,28083,34182,37860,65535,65535
709,679680,30257,34281,30897,28083,34182,37860,65535,65535
710,680640,30258,34281,30897,28083,34182,37860,65535,65535
711,681600,30258,34281,30897,28083,34182,37860,65535,65535
712,682560,30257,34281,30897,28083,34182,37860,65535,65535
713,683520,30257,34281,30897,28083,34182,37860,65535,65535
714,684480,30257,34280,30897,28083,34182,37860,65535,65535
715,685440,30257,34280,30897,28083,34182,37860,65535,65535
716,686400,30257,34280,30897,28083,34182,37860,65535,65535
717,687360,30257,34280,30897,28083,34182,37860,65535,65535
718,688320,30257,34280,30897,28083,34182,37860,65535,65535
719,689280,30257,34280,30897,28083,34182,37860,65535,65535
720,690240,30257,34280,30897,28083,34182,37860,65535,65535
721,691200,30257,34280,30897,28083,34182,37860,65535,65535
722,692160,30257,34280,30897,28083,34183,37860,65535,65535
723,693120,30257,34280,30897,28083,34183,37860,65535,65535
724,694080,30257,34280,30897,28083,34183,37860,65535,65535
725,695040,30257,34280,30897,28083,34183,37860,65535,65535
726,696000,30257,34280,30897,28083,34183,37860,65535,65535
727,696960,30257,34280,30897,28083,34183,37860,65535,65535
728,697920,30257,34280,30897,28083,34182,37860,65535,65535
729,698880,30257,34281,30897,28083,34182,37860,65535,65535
730,699840,30257,34281,30897,28083,34182,37860,65535,65535
731,700800,30258,34281,30897,28083,34182,37860,65535,65535
732,701760,30258,34281,30897,28083,34182,37860,65535,65535
733,702720,30257,34281,30897,28083,34182,37860,65535,65535
734,703680,30257,34281,30897,28083,34182,37860,65535,65535
735,704640,30257,34280,30897,28083,34182,37860,65535,65535
736,705600,30257,34280,30897,28083,34182,37860,65535,65535
737,706560,30257,34280,30897,28083,34182,37860,65535,65535
738,707520,30257,34280,30897,28083,34182,37860,65535,65535
739,708480,30257,34280,30897,28083,34182,37860,65535,65535
740,709440,30257,34280,30897,28083,34182,37860,65535,65535
741,710400,30257,34280,30897,28083,34182,37860,65535,65535
742,711360,30257,34280,30897,28083,34182,37860,65535,65535
743,712320,30257,34280,30897,28083,34183,37860,65535,65535
744,713280,30257,34280,30897,28083,34183,37860,65535,65535
745,714240,30257,34280,30897,28083,34183,37860,65535,65535
746,715200,30257,34280,30897,28083,34183,37860,65535,65535
747,716160,30257,34280,30897,28083,34183,37860,65535,65535
748,717120,30257,34280,30897,28083,34182,37860,65535,65535
749,718080,30257,34280,30897,28083,34182,37860,65535,65535
750,719040,30257,34281,30897,28083,34182,37860,65535,65535
751,720000,30257,34281,30897,28083,34182,37860,65535,65535
752,720960,30258,34281,30897,28083,34182,37860,65535,65535
753,721920,30258,34281,30897,28083,34182,37860,65535,65535
754,722880,30257,34281,30897,28083,34182,37860,65535,65535
755,723840,30257,34281,30897,28083,34182,37860,65535,65535
756,724800,30257,34280,30897,28083,34182,37860,65535,65535
757,725760,30257,34280,30897,28083,34182,37860,65535,65535
758,726720,30257,34280,30897,28083,34182,37860,65535,65535
759,727680,30257,34280,30897,28083,34182,37860,65535,65535
760,728640,30257,34280,30897,28083,34182,37860,65535,65535
761,729600,30257,34280,30897,28083,34182,37860,65535,65535
762,730560,30257,34280,30897,28083,34182,37860,65535,65535
763,731520,30257,34280,30897,28083,34182,37860,65535,65535
764,732480,30257,34280,30897,28083,34183,37860,65535,65535
765,733440,30257,34280,30897,28083,34183,37860,65535,65535
766,734400,30257,34280,30897,28083,34183,37860,65535,65535
767,735360,30257,34280,30897,28083,34183,37860,65535,65535
768,736320,30257,34280,30897,28083,34183,37860,65535,65535
769,737280,30257,34280,30897,28083,34182,37860,65535,65535
770,738240,30257,34280,30897,28083,34182,37860,65535,65535
771,739200,30257,34281,30897,28083,34182,37860,65535,65535
772,740160,30257,34281,30897,28083,34182,37860,65535,65535
773,741120,30258,34281,30897,28083,34182,37860,65535,65535
774,742080,30257,34281,30897,28083,34182,37860,65535,65535
775,743040,30257,34281,30897,28083,34182,37860,65535,65535
776,744000,30257,34281,30897,28083,34182,37860,65535,65535
777,744960,30257,34280,30897,28083,34182,37860,65535,65535
778,745920,30257,34280,30897,28083,34182,37860,65535,65535
779,746880,30257,34280,30897,28083,34182,37860,65535,65535
780,747840,30257,34280,30897,28083,34182,37860,65535,65535
781,748800,30257,34280,30897,28083,34182,37860,65535,65535
782,749760,30257,34280,30897,28083,34182,37860,65535,65535
783,750720,30257,34280,30897,28083,34182,37860,65535,65535
784,751680,30257,34280,30897,28083,34182,37860,65535,65535
785,752640,30257,34280,30897,28083,34183,37860,65535,65535
786,753600,30257,34280,30897,28083,34183,37860,65535,65535
787,754560,30257,34280,30897,28083,34183,37860,65535,65535
788,755520,30257,34280,30897,28083,34183,37860,65535,65535
789,756480,30257,34280,30897,28083,34183,37860,65535,65535
790,757440,30257,34280,30897,28083,34182,37860,65535,65535
791,758400,30257,34280,30897,28083,34182,37860,65535,65535
792,759360,30257,34281,30897,28083,34182,37860,65535,65535
793,760320,30257,34281,30897,28083,34182,37860,65535,65535
794,761280,30258,34281,30897,28083,34182,37860,65535,65535
795,762240,30257,34281,30897,28083,34182,37860,65535,65535
796,763200,30257,34281,30897,28083,34182,37860,65535,65535
797,764160,30257,34281,30897,28083,34182,37860,65535,65535
798,765120,30257,34280,30897,28083,34182,37860,65535,65535
799,766080,30257,34280,30897,28083,34182,37860,65535,65535
800,767040,30257,34280,30897,28083,34182,37860,65535,65535
801,768000,30257,34280,30897,28083,34182,37860,65535,65535
802,768960,30257,34280,30897,28083,34182,37860,65535,65535
803,769920,30257,34280,30897,28083,34182,37860,65535,65535
804,770880,30257,34280,30897,28083,34182,37860,65535,65535
805,771840,30257,34280,30897,28083,34182,37860,65535,65535
806,772800,30257,34280,30897,28083,34183,37860,65535,65535
807,773760,30257,34280,30897,28083,34183,37860,65535,65535
808,774720,30257,34280,30897,28083,34183,37860,65535,65535
809,775680,30257,34280,30897,28083,34183,37860,65535,65535
810,776640,30257,34280,30897,28083,34183,37860,65535,65535
811,777600,30257,34280,30897,28083,34182,37860,65535,65535
812,778560,30257,34281,30897,28083,34182,37860,65535,65535
813,779520,30257,34281,30897,28083,34182,37860,65535,65535
814,780480,30257,34281,30897,28083,34182,37860,65535,65535
815,781440,30258,34281,30897,28083,34182,37860,65535,65535
816,782400,30257,34281,30897,28083,34182,37860,65535,65535
817,783360,30257,34281,30897,28083,34182,37860,65535,65535
818,784320,30257,34280,30897,28083,34182,37860,65535,65535
819,785280,30257,34280,30897,28083,34182,37860,65535,65535
820,786240,30257,34280,30897,28083,34182,37860,65535,65535
821,787200,30257,34280,30897,28083,34182,37860,65535,65535
822,788160,30257,34280,30897,28083,34182,37860,65535,65535
823,789120,30257,34280,30897,28083,34182,37860,65535,65535
824,790080,30257,34280,30897,28083,34182,37860,65535,65535
825,791040,30257,34280,30897,28083,34182,37860,65535,65535
826,792000,30257,34280,30897,28083,34182,37860,65535,65535
827,792960,30257,34280,30897,28083,34183,37860,65535,65535
828,793920,30257,34280,30897,28083,34183,37860,65535,65535
829,794880,30257,34280,30897,28083,34183,37860,65535,65535
830,795840,30257,34280,30897,28083,34183,37860,65535,65535
831,796800,30257,34280,30897,28083,34183,37860,65535,65535
832,797760,30257,34280,30897,28083,34182,37860,65535,65535
833,798720,30257,34281,30897,28083,34182,37860,65535,65535
834,799680,30257,34281,30897,28083,34182,37860,65535,65535
835,800640,30257,34281,30897,28083,34182,37860,65535,65535
836,801600,30258,34281,30897,28083,34182,37860,65535,65535
837,802560,30257,34281,30897,28083,34182,37860,65535,65535
838,803520,30257,34281,30897,28083,34182,37860,65535,65535
839,804480,30257,34280,30897,28083,34182,37860,65535,65535
840,805440,30257,34280,30897,28083,34182,37860,65535,65535
841,806400,30257,34280,30897,28083,34182,37860,65535,65535
842,807360,30257,34280,30897,28083,34182,37860,65535,65535
843,808320,30257,34280,30897,28083,34182,37860,65535,65535
844,809280,30257,34280,30897,28083,34182,37860,65535,65535
845,810240,30257,34280,30897,28083,34182,37860,65535,65535
846,811200,30257,34280,30897,28083,34182,37860,65535,65535
847,812160,30257,34280,30897,28083,34182,37860,65535,65535
848,813120,30257,34280,30897,28083,34183,37860,65535,65535
849,814080,30257,34280,30897,28083,34183,37860,65535,65535
850,815040,30257,34280,30897,28083,34183,37860,65535,65535
851,816000,30257,34280,30897,28083,34183,37860,65535,65535
852,816960,30257,34280,30897,28083,34183,37860,65535,65535
853,817920,30257,34280,30897,28083,34182,37860,65535,65535
854,818880,30257,34281,30897,28083,34182,37860,65535,65535
855,819840,30257,34281,30897,28083,34182,37860,65535,65535
856,820800,30257,34281,30897,28083,34182,37860,65535,65535
857,821760,30258,34281,30897,28083,34182,37860,65535,65535
858,822720,30257,34281,30897,28083,34182,37860,65535,65535
859,823680,30257,34281,30897,28083,34182,37860,65535,65535
860,824640,30257,34280,30897,28083,34182,37860,65535,65535
861,825600,30257,34280,30897,28083,34182,37860,65535,65535
862,826560,30257,34280,30897,28083,34182,37860,65535,65535
863,827520,30257,34280,30897,28083,34182,37860,65535,65535
864,828480,30257,34280,30897,28083,34182,37860,65535,65535
865,829440,30257,34280,30897,28083,34182,37860,65535,65535
866,830400,30257,34280,30897,28083,34182,37860,65535,65535
867,831360,30257,34280,30897,28083,34182,37860,65535,65535
868,832320,30257,34280,30897,28083,34183,37860,65535,65535
869,833280,30257,34280,30897,28083,34183,37860,65535,65535
870,834240,30257,34280,30897,28083,34183,37860,65535,65535
871,835200,30257,34280,30897,28083,34183,37860,65535,65535
872,836160,30257,34280,30897,28083,34183,37860,65535,65535
873,837120,30257,34280,30897,28083,34182,37860,65535,65535
874,838080,30257,34280,30897,28083,34182,37860,65535,65535
875,839040,30257,34281,30897,28083,34182,37860,65535,65535
876,840000,30257,34281,30897,28083,34182,37860,65535,65535
877,840960,30257,34281,30897,28083,34182,37860,65535,65535
878,841920,30257,34281,30897,28083,34182,37860,65535,65535
879,842880,30257,34281,30897,28083,34182,37860,65535,65535
880,843840,30257,34281,30897,28083,34182,37860,65535,65535
881,844800,30257,34280,30897,28083,34182,37860,65535,65535
882,845760,30257,34280,30897,28083,34182,37860,65535,65535
883,846720,30257,34280,30897,28083,34182,37860,65535,65535
884,847680,30257,34280,30897,28083,34182,37860,65535,65535
885,848640,30257,34280,30897,28083,34182,37860,65535,65535
886,849600,30257,34280,30897,28083,34182,37860,65535,65535
887,850560,30257,34280,30897,28083,34182,37860,65535,65535
888,851520,30257,34280,30897,28083,34182,37860,65535,65535
889,852480,30257,34280,30897,28083,34183,37860,65535,65535
890,853440,30257,34280,30897,28083,34183,37860,65535,65535
891,854400,30257,34280,30897,28083,34183,37860,65535,65535
892,855360,30257,34280,30897,28083,34183,37860,65535,65535
893,856320,30257,34280,30897,28083,34183,37860,65535,65535
894,857280,30257,34280,30897,28083,34182,37860,65535,65535
895,858240,30257,34280,30897,28083,34182,37860,65535,65535
896,859200,30257,34281,30897,28083,34182,37860,65535,65535
897,860160,30257,34281,30897,28083,34182,37860,65535,65535
898,861120,30257,34281,30897,28083,34182,37860,65535,65535
899,862080,30257,34281,30897,28083,34182,37860,65535,65535
900,863040,30257,34281,30897,28083,34182,37860,65535,65535
901,864000,30257,34281,30897,28083,34182,37860,65535,65535
902,864960,30257,34280,30897,28083,34182,37860,65535,65535
903,865920,30257,34280,30897,28083,34182,37860,65535,65535
904,866880,30257,34280,30897,28083,34182,37860,65535,65535
905,867840,30257,34280,30897,28083,34182,37860,65535,65535
906,868800,30257,34280,30897,28083,34182,37860,65535,65535
907,869760,30257,34280,30897,28083,34182,37860,65535,65535
908,870720,30257,34280,30897,28083,34182,37860,65535,65535
909,871680,30257,34280,30897,28083,34182,37860,65535,65535
910,872640,30257,34280,30897,28083,34183,37860,65535,65535
911,873600,30257,34280,30897,28083,34183,37860,65535,65535
912,874560,30257,34280,30897,28083,34183,37860,65535,65535
913,875520,30257,34280,30897,28083,34183,37860,65535,65535
914,876480,30257,34280,30897,28083,34183,37860,65535,65535
915,877440,30257,34280,30897,28083,34182,37860,65535,65535
916,878400,30257,34280,30897,28083,34182,37860,65535,65535
917,879360,30257,34281,30897,28083,34182,37860,65535,65535
918,880320,30257,34281,30897,28083,34182,37860,65535,65535
919,881280,30257,34281,30897,28083,34182,37860,65535,65535
920,882240,30257,34281,30897,28083,34182,37860,65535,65535
921,883200,30257,34281,30897,28083,34182,37860,65535,65535
922,884160,30257,34281,30897,28083,34182,37860,65535,65535
923,885120,30257,34280,30897,28083,34182,37860,65535,65535
924,886080,30257,34280,30897,28083,34182,37860,65535,65535
925,887040,30257,34280,30897,28083,34182,37860,65535,65535
926,888000,30257,34280,30897,28083,34182,37860,65535,65535
927,888960,30257,34280,30897,28083,34182,37860,65535,65535
928,889920,30257,34280,30897,28083,34182,37860,65535,65535
929,890880,30257,34280,30897,28083,34182,37860,65535,65535
930,891840,30257,34280,30897,28083,34182,37860,65535,65535
931,892800,30257,34280,30897,28083,34183,37860,65535,65535
932,893760,30257,34280,30897,28083,34183,37860,65535,65535
933,894720,30257,34280,30897,28083,34183,37860,65535,65535
934,895680,30257,34280,30897,28083,34183,37860,65535,65535
935,896640,30257,34280,30897,28083,34183,37860,65535,65535
936,897600,30257,34280,30897,28083,34182,37860,65535,65535
937,898560,30257,34280,30897,28083,34182,37860,65535,65535
938,899520,30257,34281,30897,28083,34182,37860,65535,65535
939,900480,30257,34281,30897,28083,34182,37860,65535,65535
940,901440,30257,34281,30897,28083,34182,37860,65535,65535
941,902400,30257,34281,30897,28083,34182,37860,65535,65535
942,903360,30257,34281,30897,28083,34182,37860,65535,65535
943,904320,30257,34280,30897,28083,34182,37860,65535,65535
944,905280,30257,34280,30897,28083,34182,37860,65535,65535
945,906240,30257,34280,30897,28083,34182,37860,65535,65535
946,907200,30257,34280,30897,28083,34182,37860,65535,65535
947,908160,30257,34280,30897,28083,34182,37860,65535,65535
948,909120,30257,34280,30897,28083,34182,37860,65535,65535
949,910080,30257,34280,30897,28083,34182,37860,65535,65535
950,911040,30257,34280,30897,28083,34182,37860,65535,65535
951,912000,30257,34280,30897,28083,34182,37860,65535,65535
952,912960,30257,34280,30897,28083,34183,37860,65535,65535
953,913920,30257,34280,30897,28083,34183,37860,65535,65535
954,914880,30257,34280,30897,28083,34183,37860,65535,65535
955,915840,30257,34280,30897,28083,34183,37860,65535,65535
956,916800,30257,34280,30897,28083,34183,37860,65535,65535
957,917760,30257,34280,30897,28083,34182,37860,65535,65535
958,918720,30257,34281,30897,28083,34182,37860,65535,65535
959,919680,30257,34281,30897,28083,34182,37860,65535,65535
960,920640,30257,34281,30897,28083,34182,37860,65535,65535
961,921600,30257,34281,30897,28083,34182,37860,65535,65535
962,922560,30257,34281,30897,28083,34182,37860,65535,65535
963,923520,30257,34281,30897,28083,34182,37860,65535,65535
964,924480,30257,34280,30897,28083,34182,37860,65535,65535
965,925440,30257,34280,30897,28083,34182,37860,65535,65535
966,926400,30257,34280,30897,28083,34182,37860,65535,65535
967,927360,30257,34280,30897,28083,34182,37860,65535,65535
968,928320,30257,34280,30897,28083,34182,37860,65535,65535
969,929280,30257,34280,30897,28083,34182,37860,65535,65535
970,930240,30257,34280,30897,28083,34182,37860,65535,65535
971,931200,30257,34280,30897,28083,34182,37860,65535,65535
972,932160,30257,34280,30897,28083,34182,37860,65535,65535
973,933120,30257,34280,30897,28083,34183,37860,65535,65535
974,934080,30257,34280,30897,28083,34183,37860,65535,65535
975,935040,30257,34280,30897,28083,34183,37860,65535,65535
976,936000,30257,34280,30897,28083,34183,37860,65535,65535
977,936960,30257,34280,30897,28083,34182,37860,65535,65535
978,937920,30257,34280,30897,28083,34182,37860,65535,65535
979,938880,30257,34281,30897,28083,34182,37860,65535,65535
980,939840,30257,34281,30897,28083,34182,37860,65535,65535
981,940800,30257,34281,30897,28083,34182,37860,65535,65535
982,941760,30257,34281,30897,28083,34182,37860,65535,65535
983,942720,30257,34281,30897,28083,34182,37860,65535,65535
984,943680,30257,34281,30897,28083,34182,37860,65535,65535
985,944640,30257,34280,30897,28083,34182,37860,65535,65535
986,945600,30257,34280,30897,28083,34182,37860,65535,65535
987,946560,30257,34280,30897,28083,34182,37860,65535,65535
988,947520,30257,34280,30897,28083,34182,37860,65535,65535
989,948480,30257,34280,30897,28083,34182,37860,65535,65535
990,949440,30257,34280,30897,28083,34182,37860,65535,65535
991,950400,30257,34280,30897,28083,34182,37860,65535,65535
992,951360,30257,34280,30897,28083,34182,37860,65535,65535
993,952320,30257,34280,30897,28083,34182,37860,65535,65535
994,953280,30257,34280,30897,28083,34183,37860,65535,65535
995,954240,30257,34280,30897,28083,34183,37860,65535,65535
996,955200,30257,34280,30897,28083,34183,37860,65535,65535
997,956160,30257,34280,30897,28083,34183,37860,65535,65535
998,957120,30257,34280,30897,28083,34182,37860,65535,65535
999,958080,30257,34280,30897,28083,34182,37860,65535,65535
1000,959040,30257,34281,30897,28083,34182,37860,65535,65535
1001,960000,30257,34281,30897,28083,34182,37860,65535,65535
1002,960960,30257,34281,30897,28083,34182,37860,65535,65535
1003,961920,30257,34281,30897,28083,34182,37860,65535,65535
1004,962880,30257,34281,30897,28083,34182,37860,65535,65535
1005,963840,30257,34281,30897,28083,34182,37860,65535,65535
1006,964800,30257,34280,30897,28083,34182,37860,65535,65535
1007,965760,30257,34280,30897,28083,34182,37860,65535,65535
1008,966720,30257,34280,30897,28083,34182,37860,65535,65535
1009,967680,30257,34280,30897,28083,34182,37860,65535,65535
1010,968640,30257,34280,30897,28083,34182,37860,65535,65535
1011,969600,30257,34280,30897,28083,34182,37860,65535,65535
1012,970560,30257,34280,30897,28083,34182,37860,65535,65535
1013,971520,30257,34280,30897,28083,34182,37860,65535,65535
1014,972480,30257,34280,30897,28083,34182,37860,65535,65535
1015,973440,30257,34280,30897,28083,34183,37860,65535,65535
1016,974400,30257,34280,30897,28083,34183,37860,65535,65535
1017,975360,30257,34280,30897,28083,34183,37860,65535,65535
1018,976320,30257,34280,30897,28083,34183,37860,65535,65535
1019,977280,30257,34280,30897,28083,34182,37860,65535,65535
1020,978240,30257,34280,30897,28083,34182,37860,65535,65535
1021,979200,30257,34281,30897,28083,34182,37860,65535,65535
1022,980160,30257,34281,30897,28083,34182,37860,65535,65535
1023,981120,30257,34281,30897,28083,34182,37860,65535,65535
1024,982080,30257,34281,30897,28083,34182,37860,65535,65535
1025,983040,30257,34281,30897,28083,34182,37860,65535,65535
1026,984000,30257,34281,30897,28083,34182,37860,65535,65535
1027,984960,30257,34280,30897,28083,34182,37860,65535,65535
1028,985920,30257,34280,30897,28083,34182,37860,65535,65535
1029,986880,30257,34280,30897,28083,34182,37860,65535,65535
1030,987840,30257,34280,30897,28083,34182,37860,65535,65535
1031,988800,30257,34280,30897,28083,34182,37860,65535,65535
1032,989760,30257,34280,30897,28083,34182,37860,65535,65535
1033,990720,30257,34280,30897,28083,34182,37860,65535,65535
1034,991680,30257,34280,30897,28083,34182,37860,65535,65535
1035,992640,30257,34280,30897,28083,34183,37860,65535,65535
1036,993600,30257,34280,30897,28083,34183,37860,65535,65535
1037,994560,30257,34280,30897,28083,34183,37860,65535,65535
1038,995520,30257,34280,30897,28083,34183,37860,65535,65535
1039,996480,30257,34280,30897,28083,34183,37860,65535,65535
1040,997440,30257,34280,30897,28083,34182,37860,65535,65535
1041,998400,30257,34280,30897,28083,34182,37860,65535,65535
1042,999360,30257,34281,30897,28083,34182,37860,65535,65535
