1,0,63187,1366,8722,53876,26330,42990,0,0
2,960,64834,916,16125,45783,17279,51533,0,0
3,1920,63586,3339,25029,36513,9623,58380,0,0
4,2880,59553,8417,34631,26902,4054,62913,0,0
5,3840,53101,15692,44062,17819,1075,64722,0,0
6,4800,44811,24506,52472,10082,954,63644,0,0
7,5760,35432,34065,59102,4391,3703,59776,0,0
8,6720,25811,43505,63353,1260,9073,53467,0,0
9,7680,16815,51974,64842,970,16580,45287,0,0
10,8640,9258,58708,63433,3549,25547,35973,0,0
11,9600,3821,63099,59254,8764,35163,26367,0,0
12,10560,995,64750,52682,16144,44561,17335,0,0
13,11520,1036,63512,44309,25023,52893,9694,0,0
14,12480,3939,59497,34893,34600,59406,4132,0,0
15,13440,9444,53066,25283,44010,63513,1152,0,0
16,14400,17052,44801,16346,52403,64842,1024,0,0
17,15360,26078,35448,8889,59023,63273,3758,0,0
18,16320,35707,25850,3585,63270,58948,9109,0,0
19,17280,45069,16874,914,64763,52257,16593,0,0
20,18240,53320,9330,1116,63365,43804,25534,0,0
21,19200,59714,3900,4173,59204,34352,35127,0,0
22,20160,63674,1074,9811,52653,24755,44504,0,0
23,21120,64843,1106,17518,44306,15878,52820,0,0
24,22080,63114,3995,26601,34914,8523,59323,0,0
25,23040,58645,9479,36239,25327,3354,63427,0,0
26,24000,51837,17064,45562,16408,838,64760,0,0
27,24960,43307,26065,53729,8964,1202,63204,0,0
28,25920,33823,35669,60002,3666,4413,58896,0,0
29,26880,24241,45010,63815,994,10181,52228,0,0
30,27840,15428,53244,64823,1187,17987,43799,0,0
31,28800,8177,59629,62936,4229,27125,34372,0,0
32,29760,3145,63587,58323,9846,36770,24797,0,0
33,30720,785,64761,51401,17530,46052,15938,0,0
34,31680,1310,63045,42795,26588,54133,8595,0,0
35,32640,4674,58594,33282,36203,60283,3432,0,0
36,33600,10572,51810,23720,45505,63948,913,0,0
37,34560,18472,43304,14972,53657,64795,1268,0,0
38,35520,27662,33845,7828,59921,62750,4463,0,0
39,36480,37311,24286,2934,63733,57995,10211,0,0
40,37440,46549,15490,730,64747,50960,17993,0,0
41,38400,54542,8252,1417,62872,42280,27106,0,0
42,39360,60568,3224,4932,58279,32739,36728,0,0
43,40320,64083,861,10958,51380,23198,45991,0,0
44,41280,64769,1377,18951,42798,14518,54057,0,0
45,42240,62565,4724,28190,33309,7483,60200,0,0
46,43200,57670,10601,37841,23768,2728,63863,0,0
47,44160,50524,18477,47032,15038,682,64718,0,0
48,45120,41774,27642,54934,7905,1530,62685,0,0
49,46080,32209,37268,60833,3015,5195,57949,0,0
50,47040,22692,46486,64198,808,11348,50937,0,0
51,48000,14083,54464,64723,1484,19432,42282,0,0
52,48960,7158,60483,62361,4982,28718,32765,0,0
53,49920,2543,63997,57327,10987,38368,23245,0,0
54,50880,655,64691,50073,18956,47510,14582,0,0
55,51840,1664,62501,41254,28171,55320,7557,0,0
56,52800,5480,57625,31668,37799,61092,2804,0,0
57,53760,11757,50503,22178,46971,64305,754,0,0
58,54720,19930,41778,13642,54860,64668,1591,0,0
59,55680,29260,32237,6830,60752,62150,5240,0,0
60,56640,38906,22741,2357,64117,56977,11371,0,0
61,57600,47996,14148,628,64650,49616,19431,0,0
62,58560,55711,7233,1798,62304,40731,28693,0,0
63,59520,61353,2622,5762,57288,31125,38321,0,0
64,60480,64413,729,12162,50058,21665,47445,0,0
65,61440,64615,1726,20420,41264,13203,55242,0,0
66,62400,61941,5524,29792,31700,6506,61008,0,0
67,63360,56631,11779,39431,22231,2176,64222,0,0
68,64320,49165,19927,48467,13710,606,64594,0,0
69,65280,40217,29233,56084,6907,1937,62091,0,0
70,66240,30595,38857,61595,2437,6048,56938,0,0
71,67200,21166,47929,64502,702,12570,49600,0,0
72,68160,12783,55631,64542,1860,20912,40739,0,0
73,69120,6202,61268,61712,5806,30324,31156,0,0
74,70080,2017,64330,56267,12184,39953,21715,0,0
75,71040,607,64541,48699,20418,48933,13269,0,0
76,72000,2097,61882,39691,29766,56451,6580,0,0
77,72960,6355,56593,30055,39383,61829,2252,0,0
78,73920,12996,49151,20661,48402,64582,675,0,0
79,74880,21421,40228,12359,56008,64461,1993,0,0
80,75840,30868,30628,5896,61514,61476,6087,0,0
81,76800,40486,21220,1857,64423,55897,12586,0,0
82,77760,49405,12851,606,64473,48228,20905,0,0
83,78720,56822,6278,2257,61659,39161,30292,0,0
84,79680,62066,2094,6660,56235,29513,39901,0,0
85,80640,64664,677,13418,48691,20157,48864,0,0
86,81600,64380,2155,21922,39706,11937,56371,0,0
87,82560,61242,6394,31403,30093,5594,61745,0,0
88,83520,55531,13012,41005,20719,1702,64502,0,0
89,84480,47764,21412,49863,12430,611,64390,0,0
90,85440,38640,30835,57176,5974,2422,61422,0,0
91,86400,28985,40432,62284,1935,6969,55864,0,0
92,87360,19669,49335,64725,677,13843,48218,0,0
93,88320,11533,56741,64280,2314,22424,39175,0,0
94,89280,5313,61981,60989,6698,31936,29550,0,0
95,90240,1569,64583,55148,13434,41522,20212,0,0
96,91200,639,64310,47284,21913,50315,12005,0,0
97,92160,2608,61189,38108,31371,57523,5668,0,0
98,93120,7299,55499,28447,40953,62494,1776,0,0
99,94080,14287,47756,19174,49795,64779,677,0,0
100,95040,22942,38657,11126,57098,64172,2473,0,0
101,96000,32482,29024,5029,62203,60728,7002,0,0
102,96960,42048,19726,1434,64650,54758,13853,0,0
103,97920,50774,11604,666,64216,46800,22410,0,0
104,98880,57874,5389,2794,60942,37572,31899,0,0
105,99840,62706,1644,7625,55122,27908,41465,0,0
106,100800,64834,706,14725,47282,18680,50243,0,0
107,101760,64065,2661,23452,38129,10721,57442,0,0
108,102720,60470,7331,33018,28490,4750,62411,0,0
109,103680,54372,14296,42560,19235,1305,64701,0,0
110,104640,46322,22927,51217,11199,698,64106,0,0
111,105600,37047,32444,58207,5107,2984,60680,0,0
112,106560,27383,41989,62898,1511,7956,54731,0,0
113,107520,18203,50701,64868,733,15166,46797,0,0
114,108480,10336,57792,63939,2846,23963,37593,0,0
115,109440,4492,62622,60193,7658,33553,27950,0,0
116,110400,1198,64756,53970,14734,43070,18739,0,0
117,111360,753,64000,45830,23437,51655,10791,0,0
118,112320,3196,60423,36509,32981,58533,4824,0,0
119,113280,8307,54347,26848,42504,63084,1377,0,0
120,114240,15625,46321,17719,51147,64895,760,0,0
121,115200,24489,37069,9946,58128,63804,3030,0,0
122,116160,34099,27427,4231,62819,59909,7982,0,0
123,117120,43588,18264,1090,64796,53562,15169,0,0
124,118080,52098,10408,807,63879,45334,23943,0,0
125,119040,58863,4568,3406,60152,35970,33510,0,0
126,120000,63270,1272,8655,53951,26314,43008,0,0
127,120960,64923,816,16078,45835,17238,51580,0,0
128,121920,63671,3243,25007,36537,9561,58451,0,0
129,122880,59628,8333,34634,26897,3976,63002,0,0
130,123840,53158,15628,44092,17784,988,64820,0,0
131,124800,44845,24467,52526,10021,866,63743,0,0
132,125760,35441,34055,59174,4309,3622,59867,0,0
133,126720,25793,43525,63438,1164,9007,53541,0,0
134,127680,16772,52022,64930,870,16535,45338,0,0
135,128640,9194,58780,63518,3453,25526,35996,0,0
136,129600,3741,63188,59328,8681,35169,26360,0,0
137,130560,907,64848,52738,16081,44593,17299,0,0
138,131520,948,63610,44343,24986,52948,9632,0,0
139,132480,3859,59586,34900,34592,59479,4050,0,0
140,133440,9378,53139,25263,44031,63597,1057,0,0
141,134400,17008,44851,16301,52453,64930,924,0,0
142,135360,26058,35469,8824,59096,63357,3663,0,0
143,136320,35714,25842,3505,63360,59021,9027,0,0
144,137280,45102,16837,826,64861,52312,16531,0,0
145,138240,53375,9267,1028,63463,43836,25499,0,0
146,139200,59787,3817,4094,59292,34358,35121,0,0
147,140160,63758,978,9746,52725,24734,44528,0,0
148,141120,64931,1006,17475,44354,15833,52871,0,0
149,142080,63198,3900,26583,34934,8457,59397,0,0
150,143040,58717,9398,36248,25316,3274,63517,0,0
151,144000,51891,17003,45596,16369,750,64859,0,0
152,144960,43337,26031,53786,8900,1115,63301,0,0
153,145920,33827,35664,60076,3582,4334,58984,0,0
154,146880,24219,45035,63900,897,10118,52298,0,0
155,147840,15381,53297,64911,1087,17945,43846,0,0
156,148800,8110,59704,63019,4135,27108,34390,0,0
157,149760,3064,63678,58394,9766,36780,24785,0,0
158,150720,697,64860,51454,17471,46087,15897,0,0
159,151680,1223,63142,42824,26556,54191,8529,0,0
160,152640,4596,58681,33285,36200,60359,3347,0,0
161,153600,10510,51879,23696,45532,64034,817,0,0
162,154560,18432,43349,14924,53711,64884,1168,0,0
163,155520,27647,33861,7760,59998,62833,4370,0,0
164,156480,37323,24272,2852,63824,58065,10132,0,0
165,157440,46586,15448,642,64846,51011,17935,0,0
166,158400,54601,8184,1331,62970,42308,27075,0,0
167,159360,60644,3138,4855,58365,32741,36727,0,0
168,160320,64169,764,10897,51448,23173,46019,0,0
169,161280,64858,1277,18912,42842,14469,54113,0,0
170,162240,62648,4630,28176,33324,7415,60277,0,0
171,163200,57739,10522,37853,23753,2646,63956,0,0
172,164160,50574,18420,47070,14994,594,64817,0,0
173,165120,41800,27612,54994,7837,1444,62782,0,0
174,166080,32209,37268,60910,2928,5119,58035,0,0
175,167040,22665,46515,64284,710,11288,51004,0,0
176,168000,14032,54521,64811,1385,19395,42324,0,0
177,168960,7088,60561,62443,4890,28706,32778,0,0
178,169920,2460,64090,57395,10910,38383,23228,0,0
179,170880,567,64790,50121,18902,47550,14536,0,0
180,171840,1578,62597,41279,28143,55381,7487,0,0
181,172800,5404,57710,31666,37801,61169,2717,0,0
182,173760,11698,50568,22150,47003,64391,657,0,0
183,174720,19893,41818,13590,54918,64757,1492,0,0
184,175680,29249,32248,6759,60832,62232,5148,0,0
185,176640,38921,22722,2274,64211,57045,11295,0,0
186,177600,48037,14101,539,64750,49664,19378,0,0
187,178560,55773,7162,1712,62400,40755,28668,0,0
188,179520,61431,2533,5687,57373,31122,38325,0,0
189,180480,64500,630,12104,50122,21635,47478,0,0
190,181440,64703,1627,20385,41303,13151,55302,0,0
191,182400,62021,5432,29782,31710,6435,61088,0,0
192,183360,56697,11704,39448,22211,2093,64316,0,0
193,184320,49211,19875,48509,13662,518,64694,0,0
194,185280,40239,29208,56147,6836,1852,62187,0,0
195,186240,30590,38861,61673,2348,5974,57021,0,0
196,187200,21136,47963,64588,604,12513,49663,0,0
197,188160,12729,55691,64629,1762,20879,40777,0,0
198,189120,6130,61348,61792,5716,30316,31165,0,0
199,190080,1933,64423,56333,12111,39972,21694,0,0
200,191040,518,64639,48744,20368,48976,13220,0,0
201,192000,2013,61976,39711,29744,56515,6507,0,0
202,192960,6282,56674,30048,39391,61909,2162,0,0
203,193920,12941,49212,20629,48438,64669,577,0,0
204,194880,21388,40262,12303,56070,64548,1895,0,0
205,195840,30861,30634,5823,61596,61556,5997,0,0
206,196800,40506,21196,1772,64518,55962,12514,0,0
207,197760,49450,12800,518,64573,48272,20856,0,0
208,198720,56887,6204,2173,61754,39180,30272,0,0
209,199680,62146,2003,6588,56316,29506,39910,0,0
210,200640,64751,578,13364,48751,20124,48902,0,0
211,201600,64467,2056,21891,39740,11881,56435,0,0
212,202560,61321,6304,31398,30098,5520,61829,0,0
213,203520,55594,12940,41027,20694,1617,64597,0,0
214,204480,47806,21364,49909,12378,523,64490,0,0
215,205440,38658,30815,57242,5900,2338,61516,0,0
216,206400,28976,40442,62364,1845,6898,55944,0,0
217,207360,19634,49374,64813,579,13791,48278,0,0
218,208320,11476,56805,64367,2217,22395,39208,0,0
219,209280,5238,62065,61067,6611,31933,29553,0,0
220,210240,1483,64678,55210,13364,41545,20186,0,0
221,211200,551,64409,47325,21868,50363,11951,0,0
222,212160,2525,61281,38123,31354,57590,5593,0,0
223,213120,7228,55578,28436,40966,62575,1684,0,0
224,214080,14235,47813,19138,49836,64867,579,0,0
225,215040,22914,38687,11067,57164,64259,2376,0,0
226,216000,32480,29025,4953,62289,60806,6915,0,0
227,216960,42072,19698,1349,64746,54819,13785,0,0
228,217920,50823,11548,578,64315,46839,22366,0,0
229,218880,57942,5311,2711,61035,37587,31884,0,0
230,219840,62788,1551,7556,55200,27896,41479,0,0
231,220800,64922,606,14674,47338,18643,50286,0,0
232,221760,64152,2563,23425,38159,10662,57509,0,0
233,222720,60547,7244,33017,28491,4674,62497,0,0
234,223680,54433,14228,42586,19206,1219,64798,0,0
235,224640,46361,22883,51267,11143,610,64206,0,0
236,225600,37060,32429,58276,5030,2902,60772,0,0
237,226560,27369,42004,62980,1418,7888,54808,0,0
238,227520,18164,50744,64956,634,15117,46852,0,0
239,228480,10276,57859,64024,2750,23938,37621,0,0
240,229440,4415,62708,60269,7573,33554,27949,0,0
241,230400,1112,64852,54029,14668,43097,18708,0,0
242,231360,665,64098,45867,23396,51706,10734,0,0
243,232320,3115,60513,36521,32969,58603,4746,0,0
244,233280,8239,54422,26833,42521,63166,1284,0,0
245,234240,15577,46374,17679,51192,64983,662,0,0
246,235200,24465,37095,9885,58198,63890,2935,0,0
247,236160,34102,27423,4154,62907,59984,7898,0,0
248,237120,43616,18231,1004,64893,53620,15105,0,0
249,238080,52151,10348,719,63978,45370,23903,0,0
250,239040,58934,4487,3326,60243,35980,33499,0,0
251,240000,63354,1177,8588,54026,26298,43028,0,0
252,240960,65011,716,16032,45887,17196,51627,0,0
253,241920,63756,3147,24985,36562,9498,58522,0,0
254,242880,59702,8249,34638,26892,3898,63090,0,0
255,243840,53215,15563,44122,17750,901,64918,0,0
256,244800,44880,24428,52579,9961,779,63842,0,0
257,245760,35450,34045,59246,4229,3542,59957,0,0
258,246720,25775,43545,63521,1070,8941,53615,0,0
259,247680,16730,52070,65018,771,16489,45389,0,0
260,248640,9130,58851,63603,3358,25505,36020,0,0
261,249600,3663,63276,59401,8599,35174,26354,0,0
262,250560,821,64945,52793,16019,44624,17264,0,0
263,251520,861,63707,44375,24950,53003,9570,0,0
264,252480,3780,59675,34908,34584,59552,3968,0,0
265,253440,9314,53211,25244,44054,63682,962,0,0
266,254400,16964,44899,16258,52503,65018,825,0,0
267,255360,26039,35490,8759,59169,63442,3569,0,0
268,256320,35721,25833,3426,63450,59094,8945,0,0
269,257280,45135,16799,739,64960,52366,16470,0,0
270,258240,53431,9204,942,63561,43868,25464,0,0
271,259200,59861,3733,4015,59381,34364,35115,0,0
272,260160,63843,882,9683,52797,24714,44552,0,0
273,261120,65019,906,17432,44402,15788,52922,0,0
274,262080,63282,3805,26565,34954,8392,59472,0,0
275,263040,58789,9316,36256,25307,3194,63608,0,0
276,264000,51944,16943,45631,16331,663,64958,0,0
277,264960,43367,25996,53842,8836,1028,63399,0,0
278,265920,33831,35659,60150,3499,4256,59072,0,0
279,266880,24197,45060,63985,802,10056,52369,0,0
280,267840,15335,53349,64999,989,17904,43892,0,0
281,268800,8044,59778,63102,4042,27092,34409,0,0
282,269760,2983,63768,58465,9687,36790,24774,0,0
283,270720,609,64957,51506,17413,46123,15857,0,0
284,271680,1137,63239,42853,26524,54249,8464,0,0
285,272640,4518,58767,33287,36198,60434,3262,0,0
286,273600,10448,51947,23673,45560,64119,721,0,0
287,274560,18391,43393,14876,53765,64972,1069,0,0
288,275520,27631,33877,7693,60074,62916,4277,0,0
289,276480,37334,24258,2771,63916,58135,10054,0,0
290,277440,46623,15405,555,64945,51063,17879,0,0
291,278400,54660,8117,1245,63067,42336,27045,0,0
292,279360,60719,3052,4778,58451,32743,36726,0,0
293,280320,64254,667,10837,51516,23149,46048,0,0
294,281280,64945,1178,18873,42885,14421,54168,0,0
295,282240,62730,4538,28163,33339,7346,60354,0,0
296,283200,57808,10445,37866,23739,2564,64048,0,0
297,284160,50624,18365,47108,14951,506,64916,0,0
298,285120,41826,27583,55054,7769,1358,62878,0,0
299,286080,32208,37268,60986,2842,5043,58120,0,0
300,287040,22639,46545,64370,614,11229,51071,0,0
301,288000,13982,54577,64899,1286,19357,42366,0,0
302,288960,7019,60639,62525,4799,28694,32792,0,0
303,289920,2378,64182,57463,10834,38397,23212,0,0
304,290880,479,64888,50170,18848,47590,14492,0,0
305,291840,1493,62693,41303,28116,55443,7418,0,0
306,292800,5329,57794,31664,37803,61247,2630,0,0
307,293760,11640,50633,22122,47034,64478,560,0,0
308,294720,19857,41858,13539,54976,64844,1394,0,0
309,295680,29238,32259,6689,60911,62313,5057,0,0
310,296640,38937,22704,2191,64304,57112,11220,0,0
311,297600,48077,14055,452,64849,49711,19325,0,0
312,298560,55834,7092,1627,62495,40778,28642,0,0
313,299520,61508,2445,5612,57456,31119,38329,0,0
314,300480,64586,533,12047,50186,21607,47511,0,0
315,301440,64790,1529,20350,41342,13099,55361,0,0
316,302400,62102,5342,29773,31721,6364,61168,0,0
317,303360,56763,11630,39465,22192,2010,64410,0,0
318,304320,49257,19824,48550,13615,430,64792,0,0
319,305280,40261,29184,56210,6765,1768,62281,0,0
320,306240,30585,38867,61751,2260,5901,57103,0,0
321,307200,21105,47997,64675,507,12458,49726,0,0
322,308160,12676,55752,64716,1664,20846,40814,0,0
323,309120,6058,61429,61872,5627,30308,31173,0,0
324,310080,1849,64518,56398,12038,39991,21673,0,0
325,311040,430,64738,48789,20319,49020,13171,0,0
326,312000,1929,62071,39731,29722,56580,6435,0,0
327,312960,6209,56756,30042,39398,61988,2073,0,0
328,313920,12886,49273,20597,48475,64756,480,0,0
329,314880,21356,40298,12249,56132,64635,1798,0,0
330,315840,30855,30641,5750,61678,61635,5909,0,0
331,316800,40525,21173,1689,64613,56026,12442,0,0
332,317760,49494,12749,430,64671,48315,20808,0,0
333,318720,56952,6131,2089,61848,39199,30251,0,0
334,319680,62225,1914,6516,56397,29499,39919,0,0
335,320640,64838,480,13311,48811,20091,48940,0,0
336,321600,64554,1959,21860,39774,11825,56498,0,0
337,322560,61399,6217,31393,30103,5447,61912,0,0
338,323520,55657,12870,41048,20670,1533,64692,0,0
339,324480,47848,21317,49954,12326,436,64588,0,0
340,325440,38675,30796,57308,5825,2256,61609,0,0
341,326400,28966,40452,62444,1754,6827,56024,0,0
342,327360,19599,49413,64900,481,13739,48336,0,0
343,328320,11419,56869,64453,2120,22366,39240,0,0
344,329280,5164,62148,61144,6524,31930,29557,0,0
345,330240,1398,64773,55272,13295,41568,20160,0,0
346,331200,463,64507,47366,21822,50410,11898,0,0
347,332160,2443,61374,38139,31336,57657,5517,0,0
348,333120,7158,55656,28426,40978,62656,1593,0,0
349,334080,14183,47870,19102,49877,64954,481,0,0
350,335040,22885,38718,11009,57230,64345,2280,0,0
351,336000,32478,29026,4879,62373,60883,6829,0,0
352,336960,42096,19670,1264,64842,54880,13717,0,0
353,337920,50870,11494,490,64413,46879,22322,0,0
354,338880,58009,5235,2629,61126,37602,31868,0,0
355,339840,62868,1460,7486,55277,27885,41493,0,0
356,340800,65009,508,14624,47394,18606,50328,0,0
357,341760,64237,2467,23399,38188,10603,57576,0,0
358,342720,60623,7159,33017,28490,4599,62582,0,0
359,343680,54492,14160,42612,19176,1135,64894,0,0
360,344640,46399,22840,51316,11087,524,64304,0,0
361,345600,37073,32415,58344,4952,2821,60864,0,0
362,346560,27356,42019,63062,1326,7820,54885,0,0
363,347520,18126,50787,65044,536,15069,46906,0,0
364,348480,10215,57927,64110,2653,23913,37648,0,0
365,349440,4338,62794,60344,7488,33555,27947,0,0
366,350400,1026,64948,54088,14602,43124,18677,0,0
367,351360,578,64196,45904,23355,51757,10676,0,0
368,352320,3034,60604,36533,32956,58673,4667,0,0
369,353280,8172,54498,26819,42538,63249,1191,0,0
370,354240,15529,46427,17640,51237,65071,563,0,0
371,355200,24441,37121,9824,58267,63975,2839,0,0
372,356160,34104,27419,4077,62993,60059,7814,0,0
373,357120,43644,18198,918,64990,53678,15040,0,0
374,358080,52202,10290,632,64075,45406,23863,0,0
375,359040,59004,4408,3245,60333,35991,33488,0,0
376,360000,63436,1084,8522,54100,26282,43046,0,0
377,360960,65098,617,15986,45939,17156,51674,0,0
378,361920,63840,3051,24962,36586,9436,58592,0,0
379,362880,59776,8166,34642,26887,3821,63178,0,0
380,363840,53271,15500,44152,17716,815,65015,0,0
381,364800,44914,24390,52632,9901,692,63939,0,0
382,365760,35458,34036,59317,4148,3463,60046,0,0
383,366720,25757,43565,63604,976,8876,53688,0,0
384,367680,16687,52118,65106,672,16445,45439,0,0
385,368640,9067,58922,63687,3264,25484,36042,0,0
386,369600,3584,63364,59474,8516,35180,26347,0,0
387,370560,734,65042,52849,15957,44656,17228,0,0
388,371520,774,63805,44408,24913,53057,9509,0,0
389,372480,3700,59764,34915,34577,59624,3887,0,0
390,373440,9249,53283,25225,44075,63765,868,0,0
391,374400,16920,44948,16214,52552,65106,726,0,0
392,375360,26019,35512,8695,59241,63526,3474,0,0
393,376320,35727,25825,3347,63539,59166,8864,0,0
394,377280,45167,16762,653,65057,52421,16410,0,0
395,378240,53485,9141,855,63658,43899,25429,0,0
396,379200,59933,3651,3937,59469,34370,35109,0,0
397,380160,63926,788,9620,52867,24693,44575,0,0
398,381120,65106,808,17390,44449,15743,52973,0,0
399,382080,63364,3712,26547,34973,8327,59545,0,0
400,383040,58859,9237,36264,25297,3115,63697,0,0
401,384000,51997,16884,45664,16292,577,65055,0,0
402,384960,43397,25963,53899,8772,943,63495,0,0
403,385920,33835,35655,60224,3415,4179,59159,0,0
404,386880,24175,45085,64069,707,9994,52438,0,0
405,387840,15288,53401,65087,890,17863,43938,0,0
406,388800,7978,59853,63185,3949,27075,34426,0,0
407,389760,2903,63858,58535,9607,36800,24762,0,0
408,390720,522,65055,51558,17355,46159,15817,0,0
409,391680,1051,63335,42882,26492,54307,8399,0,0
410,392640,4441,58854,33290,36194,60508,3178,0,0
411,393600,10387,52015,23649,45586,64204,625,0,0
412,394560,18351,43437,14829,53818,65059,971,0,0
413,395520,27616,33893,7626,60149,62998,4184,0,0
414,396480,37345,24245,2691,64007,58205,9975,0,0
415,397440,46659,15364,468,65042,51113,17822,0,0
416,398400,54718,8051,1159,63162,42363,27015,0,0
417,399360,60794,2967,4702,58537,32744,36725,0,0
418,400320,64339,571,10777,51583,23124,46075,0,0
419,401280,65032,1079,18835,42928,14372,54222,0,0
420,402240,62811,4446,28149,33353,7278,60431,0,0
421,403200,57876,10368,37879,23724,2483,64139,0,0
422,404160,50673,18309,47146,14908,419,65013,0,0
423,405120,41851,27554,55113,7702,1273,62974,0,0
424,406080,32208,37269,61062,2756,4968,58205,0,0
425,407040,22612,46575,64455,517,11170,51136,0,0
426,408000,13932,54633,64986,1188,19320,42407,0,0
427,408960,6950,60716,62606,4707,28682,32805,0,0
428,409920,2296,64274,57531,10758,38411,23195,0,0
429,410880,392,64986,50218,18793,47629,14447,0,0
430,411840,1408,62788,41328,28089,55503,7350,0,0
431,412800,5253,57877,31663,37805,61323,2544,0,0
432,413760,11581,50698,22095,47065,64563,463,0,0
433,414720,19820,41898,13488,55033,64931,1296,0,0
434,415680,29227,32270,6620,60989,62393,4967,0,0
435,416640,38952,22686,2109,64396,57179,11145,0,0
436,417600,48117,14009,365,64946,49758,19273,0,0
437,418560,55896,7022,1543,62590,40801,28616,0,0
438,419520,61585,2358,5539,57539,31116,38332,0,0
439,420480,64671,436,11990,50249,21578,47544,0,0
440,421440,64876,1431,20316,41380,13047,55419,0,0
441,422400,62181,5253,29764,31730,6294,61248,0,0
442,423360,56829,11556,39482,22172,1928,64502,0,0
443,424320,49302,19773,48592,13568,343,64890,0,0
444,425280,40282,29161,56273,6694,1684,62375,0,0
445,426240,30580,38873,61829,2172,5828,57185,0,0
446,427200,21074,48032,64761,410,12402,49788,0,0
447,428160,12622,55811,64803,1566,20813,40851,0,0
448,429120,5986,61509,61951,5538,30300,31181,0,0
449,430080,1766,64611,56463,11965,40009,21651,0,0
450,431040,343,64836,48833,20269,49063,13122,0,0
451,432000,1845,62164,39751,29699,56643,6363,0,0
452,432960,6136,56837,30036,39405,62066,1985,0,0
453,433920,12831,49334,20566,48510,64843,382,0,0
454,434880,21324,40333,12195,56193,64721,1700,0,0
455,435840,30848,30647,5678,61759,61713,5820,0,0
456,436800,40545,21150,1605,64707,56090,12370,0,0
457,437760,49538,12699,343,64769,48359,20759,0,0
458,438720,57016,6057,2006,61941,39217,30230,0,0
459,439680,62304,1824,6445,56477,29491,39928,0,0
460,440640,64924,383,13257,48871,20058,48977,0,0
461,441600,64639,1862,21830,39808,11770,56560,0,0
462,442560,61476,6129,31388,30108,5374,61993,0,0
463,443520,55719,12799,41069,20645,1449,64786,0,0
464,444480,47889,21270,50000,12274,349,64686,0,0
465,445440,38691,30777,57373,5751,2173,61702,0,0
466,446400,28957,40462,62524,1664,6757,56103,0,0
467,447360,19565,49451,64986,383,13686,48394,0,0
468,448320,11362,56933,64539,2023,22336,39272,0,0
469,449280,5090,62231,61221,6437,31926,29560,0,0
470,450240,1314,64868,55333,13226,41591,20134,0,0
471,451200,376,64605,47406,21777,50456,11845,0,0
472,452160,2360,61466,38155,31319,57724,5442,0,0
473,453120,7088,55734,28415,40990,62736,1502,0,0
474,454080,14132,47927,19066,49917,65041,383,0,0
475,455040,22857,38748,10952,57295,64430,2183,0,0
476,456000,32476,29028,4805,62457,60959,6742,0,0
477,456960,42120,19642,1179,64937,54941,13648,0,0
478,457920,50918,11439,404,64511,46918,22278,0,0
479,458880,58076,5159,2548,61218,37616,31852,0,0
480,459840,62949,1368,7418,55355,27873,41506,0,0
481,460800,65095,410,14575,47450,18569,50370,0,0
482,461760,64322,2371,23372,38217,10544,57642,0,0
483,462720,60698,7074,33017,28490,4523,62666,0,0
484,463680,54551,14094,42637,19147,1050,64989,0,0
485,464640,46436,22798,51365,11031,437,64401,0,0
486,465600,37085,32401,58412,4875,2740,60954,0,0
487,466560,27342,42035,63143,1234,7752,54960,0,0
488,467520,18087,50831,65131,438,15020,46960,0,0
489,468480,10155,57994,64194,2558,23888,37675,0,0
490,469440,4262,62879,60419,7404,33556,27945,0,0
491,470400,941,65044,54146,14537,43151,18646,0,0
492,471360,491,64293,45941,23314,51807,10619,0,0
493,472320,2953,60694,36544,32943,58742,4589,0,0
494,473280,8105,54572,26804,42555,63330,1099,0,0
495,474240,15481,46480,17600,51282,65158,465,0,0
496,475200,24417,37147,9763,58336,64059,2744,0,0
497,476160,34106,27416,4001,63080,60133,7731,0,0
498,477120,43672,18166,833,65086,53735,14976,0,0
499,478080,52253,10231,546,64173,45441,23824,0,0
500,479040,59073,4329,3166,60422,36000,33477,0,0
501,480000,63518,991,8456,54174,26265,43064,0,0
502,480960,65185,519,15939,45990,17115,51720,0,0
503,481920,63924,2957,24940,36611,9374,58662,0,0
504,482880,59848,8084,34646,26882,3743,63264,0,0
505,483840,53327,15437,44181,17682,730,65111,0,0
506,484800,44947,24352,52684,9842,606,64036,0,0
507,485760,35466,34026,59388,4068,3383,60135,0,0
508,486720,25739,43585,63687,883,8811,53761,0,0
509,487680,16645,52165,65193,575,16400,45489,0,0
510,488640,9004,58993,63770,3170,25464,36065,0,0
511,489600,3506,63452,59547,8435,35185,26340,0,0
512,490560,648,65138,52904,15895,44686,17193,0,0
513,491520,687,63901,44441,24877,53110,9448,0,0
514,492480,3621,59851,34922,34569,59696,3806,0,0
515,493440,9185,53354,25206,44097,63848,774,0,0
516,494400,16876,44996,16171,52601,65193,628,0,0
517,495360,26000,35532,8631,59313,63608,3381,0,0
518,496320,35734,25816,3268,63627,59237,8784,0,0
519,497280,45198,16725,567,65154,52475,16349,0,0
520,498240,53540,9079,769,63755,43930,25394,0,0
521,499200,60005,3569,3859,59556,34375,35103,0,0
522,500160,64010,693,9556,52938,24673,44598,0,0
523,501120,65193,710,17348,44496,15699,53023,0,0
524,502080,63447,3619,26529,34993,8262,59618,0,0
525,503040,58930,9157,36273,25287,3036,63786,0,0
526,504000,52049,16825,45698,16254,491,65152,0,0
527,504960,43426,25930,53955,8709,857,63591,0,0
528,505920,33839,35650,60297,3333,4102,59246,0,0
529,506880,24153,45109,64153,613,9932,52507,0,0
530,507840,15242,53452,65174,792,17822,43984,0,0
531,508800,7912,59927,63267,3857,27059,34444,0,0
532,509760,2823,63947,58605,9529,36809,24751,0,0
533,510720,436,65152,51609,17298,46193,15777,0,0
534,511680,965,63431,42910,26461,54363,8335,0,0
535,512640,4364,58939,33293,36192,60582,3095,0,0
536,513600,10325,52083,23626,45612,64288,531,0,0
537,514560,18311,43481,14782,53872,65146,873,0,0
538,515520,27601,33909,7560,60225,63079,4093,0,0
539,516480,37355,24232,2610,64097,58274,9898,0,0
540,517440,46695,15323,382,65139,51163,17765,0,0
541,518400,54776,7985,1074,63258,42390,26985,0,0
542,519360,60868,2883,4626,58622,32745,36724,0,0
543,520320,64423,476,10717,51650,23099,46104,0,0
544,521280,65118,982,18796,42970,14324,54277,0,0
545,522240,62892,4355,28136,33368,7211,60507,0,0
546,523200,57944,10291,37891,23709,2402,64230,0,0
547,524160,50722,18254,47183,14865,333,65111,0,0
548,525120,41877,27526,55172,7635,1188,63069,0,0
549,526080,32207,37269,61137,2671,4893,58289,0,0
550,527040,22587,46604,64539,422,11111,51202,0,0
551,528000,13883,54689,65072,1091,19283,42449,0,0
552,528960,6881,60793,62686,4617,28670,32818,0,0
553,529920,2215,64365,57598,10683,38425,23180,0,0
554,530880,305,65083,50266,18740,47667,14403,0,0
555,531840,1324,62882,41352,28062,55563,7282,0,0
556,532800,5179,57960,31661,37808,61399,2458,0,0
557,533760,11524,50762,22067,47096,64648,368,0,0
558,534720,19785,41937,13438,55090,65017,1199,0,0
559,535680,29216,32281,6550,61067,62473,4878,0,0
560,536640,38967,22667,2028,64488,57245,11071,0,0
561,537600,48157,13963,278,65044,49804,19221,0,0
562,538560,55957,6953,1459,62684,40824,28592,0,0
563,539520,61661,2271,5465,57621,31113,38337,0,0
564,540480,64756,340,11934,50313,21549,47577,0,0
565,541440,64962,1334,20281,41418,12995,55478,0,0
566,542400,62260,5163,29755,31740,6223,61327,0,0
567,543360,56894,11482,39499,22152,1845,64595,0,0
568,544320,49348,19721,48633,13521,257,64988,0,0
569,545280,40303,29136,56334,6624,1600,62470,0,0
570,546240,30576,38877,61906,2085,5755,57267,0,0
571,547200,21044,48065,64846,313,12347,49850,0,0
572,548160,12569,55871,64889,1470,20779,40888,0,0
573,549120,5916,61589,62030,5449,30293,31190,0,0
574,550080,1684,64703,56527,11893,40027,21631,0,0
575,551040,256,64933,48877,20220,49105,13074,0,0
576,552000,1762,62257,39771,29677,56706,6292,0,0
577,552960,6065,56917,30030,39412,62144,1897,0,0
578,553920,12777,49394,20535,48546,64928,286,0,0
579,554880,21292,40368,12141,56254,64807,1604,0,0
580,555840,30842,30653,5607,61840,61791,5733,0,0
581,556800,40564,21127,1522,64800,56153,12300,0,0
582,557760,49582,12649,257,64867,48401,20712,0,0
583,558720,57080,5985,1924,62034,39236,30210,0,0
584,559680,62382,1735,6374,56556,29484,39937,0,0
585,560640,65009,285,13204,48930,20025,49014,0,0
586,561600,64725,1765,21799,39842,11715,56623,0,0
587,562560,61553,6042,31383,30113,5302,62076,0,0
588,563520,55782,12729,41090,20621,1366,64880,0,0
589,564480,47931,21223,50045,12223,263,64784,0,0
590,565440,38709,30758,57438,5677,2091,61794,0,0
591,566400,28948,40472,62603,1575,6687,56182,0,0
592,567360,19531,49490,65072,286,13634,48453,0,0
593,568320,11306,56996,64624,1928,22308,39305,0,0
594,569280,5017,62313,61298,6351,31923,29564,0,0
595,570240,1230,64961,55395,13157,41613,20108,0,0
596,571200,289,64701,47446,21732,50503,11793,0,0
597,572160,2278,61557,38171,31301,57790,5368,0,0
598,573120,7018,55811,28405,41002,62816,1413,0,0
599,574080,14081,47983,19031,49957,65127,286,0,0
600,575040,22830,38778,10895,57359,64515,2088,0,0
601,576000,32474,29029,4731,62540,61035,6658,0,0
602,576960,42143,19615,1095,65031,55001,13581,0,0
603,577920,50965,11385,317,64608,46957,22235,0,0
604,578880,58143,5083,2467,61309,37630,31837,0,0
605,579840,63029,1278,7349,55431,27861,41520,0,0
606,580800,65181,313,14525,47505,18533,50412,0,0
607,581760,64406,2275,23346,38246,10486,57708,0,0
608,582720,60773,6989,33016,28490,4449,62751,0,0
609,583680,54610,14027,42662,19118,965,65084,0,0
610,584640,46474,22756,51414,10976,350,64498,0,0
611,585600,37098,32386,58480,4798,2660,61045,0,0
612,586560,27329,42049,63224,1143,7684,55036,0,0
613,587520,18049,50873,65217,341,14972,47014,0,0
614,588480,10096,58061,64278,2464,23863,37703,0,0
615,589440,4187,62964,60494,7320,33557,27944,0,0
616,590400,856,65139,54204,14472,43178,18616,0,0
617,591360,405,64389,45977,23274,51857,10563,0,0
618,592320,2873,60784,36555,32931,58811,4512,0,0
619,593280,8038,54646,26789,42572,63411,1008,0,0
620,594240,15434,46532,17561,51326,65244,368,0,0
621,595200,24394,37172,9703,58404,64143,2651,0,0
622,596160,34108,27413,3924,63165,60207,7649,0,0
623,597120,43700,18134,748,65181,53792,14913,0,0
624,598080,52304,10173,460,64269,45476,23786,0,0
625,599040,59143,4250,3086,60511,36010,33467,0,0
626,600000,63599,899,8391,54247,26249,43083,0,0
627,600960,65271,422,15894,46041,17074,51766,0,0
628,601920,64007,2863,24918,36635,9313,58732,0,0
629,602880,59921,8002,34650,26877,3666,63351,0,0
630,603840,53382,15374,44210,17649,645,65208,0,0
631,604800,44981,24315,52736,9782,520,64133,0,0
632,605760,35474,34017,59458,3989,3305,60224,0,0
633,606720,25722,43605,63769,791,8746,53834,0,0
634,607680,16603,52212,65279,477,16355,45539,0,0
635,608640,8941,59063,63853,3076,25443,36088,0,0
636,609600,3429,63539,59618,8354,35190,26335,0,0
637,610560,563,65234,52958,15834,44717,17159,0,0
638,611520,602,63997,44473,24841,53163,9389,0,0
639,612480,3543,59939,34929,34561,59766,3726,0,0
640,613440,9121,53425,25187,44119,63930,682,0,0
641,614400,16832,45044,16128,52650,65279,532,0,0
642,615360,25981,35553,8568,59384,63691,3289,0,0
643,616320,35740,25808,3191,63715,59308,8704,0,0
644,617280,45230,16688,481,65249,52528,16290,0,0
645,618240,53594,9017,684,63850,43961,25360,0,0
646,619200,60077,3488,3782,59643,34381,35097,0,0
647,620160,64092,600,9494,53008,24652,44622,0,0
648,621120,65279,613,17306,44543,15654,53074,0,0
649,622080,63529,3526,26512,35012,8198,59691,0,0
650,623040,59000,9078,36281,25277,2957,63875,0,0
651,624000,52102,16766,45731,16216,405,65249,0,0
652,624960,43456,25897,54010,8646,772,63687,0,0
653,625920,33843,35646,60370,3251,4025,59332,0,0
654,626880,24131,45134,64236,518,9870,52576,0,0
655,627840,15197,53504,65260,695,17781,44029,0,0
656,628800,7846,60000,63348,3765,27042,34463,0,0
657,629760,2744,64036,58675,9451,36819,24740,0,0
658,630720,350,65248,51660,17240,46228,15739,0,0
659,631680,881,63526,42938,26429,54420,8271,0,0
660,632640,4288,59024,33295,36189,60655,3013,0,0
661,633600,10265,52151,23603,45638,64371,437,0,0
662,634560,18272,43525,14735,53924,65232,777,0,0
663,635520,27586,33925,7493,60299,63160,4002,0,0
664,636480,37366,24219,2531,64186,58342,9822,0,0
665,637440,46731,15282,296,65236,51213,17710,0,0
666,638400,54833,7920,990,63352,42416,26955,0,0
667,639360,60942,2799,4551,58706,32746,36723,0,0
668,640320,64507,381,10657,51716,23075,46132,0,0
669,641280,65204,885,18758,43013,14276,54332,0,0
670,642240,62972,4264,28122,33382,7144,60583,0,0
671,643200,58012,10215,37904,23694,2322,64321,0,0
672,644160,50771,18200,47221,14823,246,65208,0,0
673,645120,41902,27498,55231,7569,1104,63164,0,0
674,646080,32207,37270,61212,2587,4818,58373,0,0
675,647040,22561,46634,64624,327,11053,51268,0,0
676,648000,13834,54744,65158,994,19246,42490,0,0
677,648960,6813,60869,62766,4527,28658,32831,0,0
678,649920,2134,64456,57665,10608,38438,23164,0,0
679,650880,219,65180,50313,18687,47706,14360,0,0
680,651840,1240,62976,41376,28035,55622,7215,0,0
681,652800,5105,58043,31659,37810,61474,2373,0,0
682,653760,11466,50826,22040,47127,64732,273,0,0
683,654720,19749,41977,13387,55147,65103,1103,0,0
684,655680,29206,32293,6482,61145,62552,4788,0,0
685,656640,38982,22650,1947,64579,57310,10997,0,0
686,657600,48197,13918,192,65140,49850,19169,0,0
687,658560,56017,6885,1376,62777,40846,28566,0,0
688,659520,61738,2185,5392,57703,31110,38341,0,0
689,660480,64841,245,11878,50375,21520,47609,0,0
690,661440,65048,1237,20247,41456,12943,55536,0,0
691,662400,62339,5075,29746,31749,6154,61405,0,0
692,663360,56959,11410,39515,22133,1764,64687,0,0
693,664320,49393,19671,48674,13474,170,65085,0,0
694,665280,40324,29113,56396,6554,1517,62563,0,0
695,666240,30571,38883,61983,1998,5683,57348,0,0
696,667200,21015,48100,64931,217,12291,49911,0,0
697,668160,12517,55930,64974,1373,20746,40924,0,0
698,669120,5845,61668,62107,5361,30285,31198,0,0
699,670080,1602,64796,56590,11821,40045,21610,0,0
700,671040,170,65030,48921,20170,49147,13026,0,0
701,672000,1679,62350,39791,29655,56768,6221,0,0
702,672960,5993,56997,30024,39419,62221,1810,0,0
703,673920,12723,49454,20503,48581,65013,190,0,0
704,674880,21260,40403,12087,56314,64892,1508,0,0
705,675840,30836,30660,5535,61920,61868,5646,0,0
706,676800,40584,21105,1440,64893,56216,12229,0,0
707,677760,49625,12600,170,64963,48444,20664,0,0
708,678720,57144,5913,1842,62125,39254,30190,0,0
709,679680,62460,1648,6303,56635,29476,39945,0,0
710,680640,65095,190,13151,48989,19993,49051,0,0
711,681600,64810,1670,21769,39875,11660,56685,0,0
712,682560,61630,5956,31378,30118,5230,62157,0,0
713,683520,55843,12660,41111,20597,1283,64973,0,0
714,684480,47972,21177,50089,12172,176,64880,0,0
715,685440,38726,30739,57502,5604,2009,61886,0,0
716,686400,28939,40483,62681,1487,6616,56260,0,0
717,687360,19497,49528,65157,190,13583,48510,0,0
718,688320,11250,57059,64708,1832,22279,39336,0,0
719,689280,4944,62395,61374,6265,31920,29567,0,0
720,690240,1147,65055,55455,13089,41635,20083,0,0
721,691200,203,64798,47486,21687,50548,11741,0,0
722,692160,2198,61648,38186,31284,57855,5294,0,0
723,693120,6950,55888,28395,41014,62894,1324,0,0
724,694080,14031,48039,18996,49997,65212,189,0,0
725,695040,22802,38809,10838,57424,64599,1993,0,0
726,696000,32472,29031,4657,62623,61110,6573,0,0
727,696960,42167,19588,1012,65125,55060,13514,0,0
728,697920,51012,11332,231,64705,46996,22191,0,0
729,698880,58209,5008,2386,61399,37644,31821,0,0
730,699840,63108,1188,7282,55507,27849,41534,0,0
731,700800,65267,216,14476,47560,18496,50453,0,0
732,701760,64490,2181,23320,38275,10428,57773,0,0
733,702720,60848,6905,33016,28490,4375,62834,0,0
734,703680,54669,13962,42687,19090,882,65179,0,0
735,704640,46511,22714,51462,10921,265,64595,0,0
736,705600,37110,32372,58547,4722,2579,61135,0,0
737,706560,27316,42065,63304,1053,7617,55111,0,0
738,707520,18011,50916,65302,244,14923,47068,0,0
739,708480,10037,58128,64362,2370,23839,37731,0,0
740,709440,4112,63048,60567,7237,33558,27942,0,0
741,710400,772,65233,54261,14407,43204,18586,0,0
742,711360,319,64486,46013,23233,51906,10507,0,0
743,712320,2793,60873,36566,32919,58878,4435,0,0
744,713280,7972,54720,26775,42588,63492,917,0,0
745,714240,15388,46584,17522,51370,65330,271,0,0
746,715200,24371,37198,9642,58471,64226,2557,0,0
747,716160,34111,27409,3849,63251,60280,7567,0,0
748,717120,43728,18102,663,65276,53848,14849,0,0
749,718080,52354,10116,374,64365,45510,23747,0,0
750,719040,59212,4172,3007,60600,36020,33456,0,0
751,720000,63680,807,8325,54320,26233,43101,0,0
752,720960,65357,325,15848,46092,17034,51812,0,0
753,721920,64090,2770,24896,36659,9252,58800,0,0
754,722880,59994,7920,34654,26873,3590,63437,0,0
755,723840,53438,15312,44239,17616,560,65302,0,0
756,724800,45014,24278,52788,9724,435,64228,0,0
757,725760,35483,34008,59528,3910,3226,60311,0,0
758,726720,25704,43625,63850,699,8682,53905,0,0
759,727680,16562,52260,65365,381,16310,45588,0,0
760,728640,8880,59133,63935,2984,25422,36110,0,0
761,729600,3352,63625,59690,8274,35195,26328,0,0
762,730560,478,65330,53012,15774,44747,17124,0,0
763,731520,517,64093,44505,24805,53216,9328,0,0
764,732480,3466,60026,34936,34554,59837,3646,0,0
765,733440,9058,53496,25168,44141,64012,589,0,0
766,734400,16789,45093,16085,52699,65365,435,0,0
767,735360,25962,35574,8505,59456,63773,3196,0,0
768,736320,35747,25800,3113,63802,59379,8625,0,0
769,737280,45262,16652,396,65345,52581,16230,0,0
770,738240,53648,8956,599,63946,43991,25326,0,0
771,739200,60148,3408,3705,59730,34386,35091,0,0
772,740160,64175,507,9432,53077,24632,44645,0,0
773,741120,65365,516,17264,44590,15610,53124,0,0
774,742080,63610,3435,26494,35032,8134,59763,0,0
775,743040,59070,8999,36289,25268,2879,63963,0,0
776,744000,52154,16708,45764,16178,320,65344,0,0
777,744960,43485,25864,54065,8584,687,63782,0,0
778,745920,33847,35642,60441,3170,3948,59418,0,0
779,746880,24110,45159,64318,426,9809,52645,0,0
780,747840,15152,53555,65345,599,17740,44074,0,0
781,748800,7782,60073,63429,3674,27026,34480,0,0
782,749760,2666,64125,58744,9374,36828,24728,0,0
783,750720,265,65344,51711,17184,46262,15699,0,0
784,751680,796,63620,42966,26398,54476,8207,0,0
785,752640,4213,59109,33298,36187,60728,2930,0,0
786,753600,10205,52218,23580,45665,64454,343,0,0
787,754560,18233,43569,14689,53977,65317,680,0,0
788,755520,27571,33942,7428,60373,63240,3911,0,0
789,756480,37377,24206,2452,64276,58410,9745,0,0
790,757440,46766,15241,210,65332,51263,17654,0,0
791,758400,54890,7855,906,63447,42443,26926,0,0
792,759360,61016,2716,4476,58790,32747,36722,0,0
793,760320,64590,288,10598,51782,23050,46159,0,0
794,761280,65290,789,18720,43055,14228,54386,0,0
795,762240,63052,4174,28109,33398,7077,60658,0,0
796,763200,58079,10139,37916,23680,2242,64410,0,0
797,764160,50819,18145,47257,14781,161,65304,0,0
798,765120,41927,27469,55289,7503,1020,63257,0,0
799,766080,32207,37270,61286,2503,4744,58456,0,0
800,767040,22535,46663,64707,233,10995,51333,0,0
801,768000,13785,54799,65243,898,19209,42531,0,0
802,768960,6746,60945,62846,4438,28645,32844,0,0
803,769920,2054,64546,57731,10534,38452,23148,0,0
804,770880,133,65276,50360,18634,47744,14316,0,0
805,771840,1157,63069,41400,28009,55681,7147,0,0
806,772800,5032,58125,31657,37812,61549,2288,0,0
807,773760,11410,50890,22013,47158,64816,178,0,0
808,774720,19714,42016,13337,55204,65188,1007,0,0
809,775680,29195,32304,6413,61222,62631,4700,0,0
810,776640,38997,22632,1866,64670,57375,10924,0,0
811,777600,48236,13873,106,65237,49896,19118,0,0
812,778560,56077,6816,1293,62870,40868,28541,0,0
813,779520,61813,2100,5319,57784,31106,38344,0,0
814,780480,64925,150,11822,50438,21492,47642,0,0
815,781440,65133,1142,20213,41494,12892,55594,0,0
816,782400,62417,4987,29736,31760,6084,61483,0,0
817,783360,57023,11337,39532,22114,1682,64778,0,0
818,784320,49437,19621,48715,13428,84,65181,0,0
819,785280,40345,29090,56457,6485,1434,62655,0,0
820,786240,30567,38889,62059,1913,5611,57428,0,0
821,787200,20985,48133,65015,123,12236,49972,0,0
822,788160,12464,55989,65059,1278,20714,40960,0,0
823,789120,5775,61747,62185,5274,30277,31206,0,0
824,790080,1520,64887,56654,11751,40063,21589,0,0
825,791040,84,65126,48964,20122,49189,12978,0,0
826,792000,1597,62442,39810,29634,56830,6151,0,0
827,792960,5922,57076,30018,39427,62298,1723,0,0
828,793920,12669,49514,20472,48617,65097,95,0,0
829,794880,21229,40438,12034,56375,64976,1413,0,0
830,795840,30829,30667,5465,62000,61945,5559,0,0
831,796800,40603,21083,1358,64985,56278,12159,0,0
832,797760,49668,12551,85,65060,48485,20617,0,0
833,798720,57207,5841,1760,62217,39272,30169,0,0
834,799680,62537,1560,6233,56714,29468,39954,0,0
835,800640,65179,94,13099,49047,19960,49088,0,0
836,801600,64894,1575,21739,39908,11605,56746,0,0
837,802560,61706,5870,31373,30123,5158,62237,0,0
838,803520,55905,12591,41132,20573,1200,65066,0,0
839,804480,48013,21132,50134,12122,90,64976,0,0
840,805440,38742,30721,57567,5532,1928,61977,0,0
841,806400,28931,40493,62759,1399,6547,56337,0,0
842,807360,19463,49567,65242,95,13531,48567,0,0
843,808320,11194,57122,64792,1738,22250,39368,0,0
844,809280,4871,62477,61450,6180,31916,29570,0,0
845,810240,1065,65148,55515,13021,41657,20057,0,0
846,811200,118,64894,47526,21643,50594,11689,0,0
847,812160,2117,61738,38201,31267,57919,5220,0,0
848,813120,6881,55965,28384,41026,62972,1236,0,0
849,814080,13981,48095,18961,50037,65297,94,0,0
850,815040,22775,38839,10781,57488,64682,1900,0,0
851,816000,32470,29033,4584,62705,61185,6489,0,0
852,816960,42190,19561,929,65219,55119,13448,0,0
853,817920,51059,11278,146,64801,47034,22149,0,0
854,818880,58275,4934,2306,61489,37657,31806,0,0
855,819840,63187,1099,7214,55583,27837,41548,0,0
856,820800,65352,121,14427,47614,18459,50494,0,0
857,821760,64573,2087,23294,38304,10370,57839,0,0
858,822720,60922,6822,33015,28491,4300,62918,0,0
859,823680,54727,13896,42712,19061,798,65273,0,0
860,824640,46548,22673,51510,10867,179,64691,0,0
861,825600,37123,32359,58614,4647,2499,61224,0,0
862,826560,27303,42080,63384,963,7550,55186,0,0
863,827520,17973,50959,65388,148,14875,47121,0,0
864,828480,9978,58194,64445,2276,23814,37758,0,0
865,829440,4037,63132,60641,7155,33558,27941,0,0
866,830400,689,65327,54319,14343,43230,18556,0,0
867,831360,234,64581,46049,23194,51955,10452,0,0
868,832320,2715,60961,36578,32906,58946,4359,0,0
869,833280,7906,54794,26760,42605,63572,827,0,0
870,834240,15341,46636,17483,51415,65415,176,0,0
871,835200,24348,37224,9583,58539,64308,2464,0,0
872,836160,34113,27406,3774,63335,60352,7485,0,0
873,837120,43755,18071,580,65370,53904,14787,0,0
874,838080,52405,10059,290,64461,45544,23709,0,0
875,839040,59280,4095,2929,60688,36029,33446,0,0
876,840000,63761,717,8261,54392,26217,43120,0,0
877,840960,65442,230,15803,46143,16993,51858,0,0
878,841920,64172,2678,24875,36683,9191,58869,0,0
879,842880,60066,7840,34657,26868,3514,63523,0,0
880,843840,53493,15251,44268,17583,476,65397,0,0
881,844800,45047,24241,52839,9666,350,64324,0,0
882,845760,35491,33999,59597,3832,3148,60399,0,0
883,846720,25687,43645,63931,608,8618,53977,0,0
884,847680,16520,52307,65450,285,16266,45638,0,0
885,848640,8818,59203,64017,2892,25402,36133,0,0
886,849600,3276,63711,59761,8194,35200,26322,0,0
887,850560,394,65425,53066,15713,44777,17090,0,0
888,851520,433,64188,44537,24770,53268,9269,0,0
889,852480,3389,60113,34942,34547,59907,3567,0,0
890,853440,8995,53567,25150,44162,64093,498,0,0
891,854400,16747,45141,16042,52747,65450,340,0,0
892,855360,25943,35595,8442,59526,63854,3105,0,0
893,856320,35754,25792,3036,63889,59449,8546,0,0
894,857280,45294,16616,312,65440,52634,16172,0,0
895,858240,53702,8896,515,64040,44022,25293,0,0
896,859200,60219,3328,3628,59815,34392,35086,0,0
897,860160,64256,415,9370,53146,24612,44668,0,0
898,861120,65450,420,17222,44636,15566,53174,0,0
899,862080,63691,3344,26476,35051,8070,59835,0,0
900,863040,59140,8922,36297,25258,2801,64051,0,0
901,864000,52205,16650,45797,16141,235,65440,0,0
902,864960,43514,25832,54119,8521,603,63877,0,0
903,865920,33851,35638,60513,3089,3872,59503,0,0
904,866880,24088,45183,64400,333,9748,52713,0,0
905,867840,15107,53606,65430,503,17700,44120,0,0
906,868800,7717,60146,63510,3584,27010,34499,0,0
907,869760,2587,64213,58812,9297,36838,24718,0,0
908,870720,180,65440,51761,17127,46296,15661,0,0
909,871680,713,63714,42993,26367,54531,8145,0,0
910,872640,4138,59194,33300,36184,60800,2849,0,0
911,873600,10145,52285,23557,45691,64536,251,0,0
912,874560,18194,43612,14642,54029,65402,585,0,0
913,875520,27557,33958,7362,60447,63320,3822,0,0
914,876480,37388,24194,2373,64364,58478,9670,0,0
915,877440,46802,15201,125,65428,51312,17600,0,0
916,878400,54947,7791,822,63541,42469,26897,0,0
917,879360,61089,2634,4401,58874,32748,36722,0,0
918,880320,64673,194,10539,51848,23026,46187,0,0
919,881280,65375,693,18682,43097,14181,54440,0,0
920,882240,63132,4085,28095,33412,7011,60733,0,0
921,883200,58146,10065,37928,23666,2163,64500,0,0
922,884160,50867,18092,47294,14739,76,65400,0,0
923,885120,41953,27442,55347,7437,937,63351,0,0
924,886080,32207,37271,61360,2420,4670,58539,0,0
925,887040,22510,46692,64790,140,10937,51398,0,0
926,888000,13736,54854,65328,803,19173,42572,0,0
927,888960,6679,61021,62924,4349,28633,32857,0,0
928,889920,1975,64636,57796,10460,38466,23132,0,0
929,890880,49,65372,50407,18582,47782,14274,0,0
930,891840,1074,63162,41423,27983,55740,7081,0,0
931,892800,4959,58207,31655,37814,61623,2205,0,0
932,893760,11353,50953,21986,47189,64899,85,0,0
933,894720,19679,42055,13287,55260,65272,912,0,0
934,895680,29185,32316,6345,61299,62709,4612,0,0
935,896640,39013,22615,1786,64760,57440,10852,0,0
936,897600,48276,13828,21,65332,49942,19067,0,0
937,898560,56137,6749,1211,62963,40891,28517,0,0
938,899520,61888,2015,5247,57865,31103,38349,0,0
939,900480,65009,56,11766,50500,21463,47674,0,0
940,901440,65217,1047,20179,41531,12841,55652,0,0
941,902400,62495,4900,29727,31769,6015,61562,0,0
942,903360,57087,11266,39548,22095,1602,64870,0,0
943,904320,49482,19572,48755,13382,0,65277,0,0
944,905280,40366,29067,56518,6416,1353,62748,0,0
945,906240,30562,38894,62135,1827,5539,57509,0,0
946,907200,20955,48167,65099,28,12182,50034,0,0
947,908160,12413,56048,65142,1183,20681,40997,0,0
948,909120,5706,61826,62262,5188,30269,31215,0,0
949,910080,1439,64979,56716,11680,40081,21569,0,0
950,911040,0,65222,49007,20074,49231,12932,0,0
951,912000,1516,62533,39829,29612,56892,6081,0,0
952,912960,5852,57156,30012,39433,62374,1638,0,0
953,913920,12616,49574,20441,48652,65181,1,0,0
954,914880,21198,40473,11980,56435,65060,1319,0,0
955,915840,30823,30674,5394,62079,62022,5474,0,0
956,916800,40623,21061,1276,65076,56340,12091,0,0
957,917760,49711,12502,0,65155,48528,20571,0,0
958,918720,57270,5771,1679,62308,39290,30150,0,0
959,919680,62614,1474,6163,56792,29461,39964,0,0
960,920640,65264,0,13046,49105,19928,49125,0,0
961,921600,64978,1481,21709,39941,11551,56808,0,0
962,922560,61782,5785,31368,30127,5087,62318,0,0
963,923520,55966,12523,41152,20549,1119,65159,0,0
964,924480,48054,21086,50177,12072,6,65073,0,0
965,925440,38759,30703,57630,5460,1847,62068,0,0
966,926400,28922,40504,62836,1311,6478,56415,0,0
967,927360,19430,49605,65326,0,13480,48625,0,0
968,928320,11139,57184,64876,1644,22221,39400,0,0
969,929280,4800,62558,61524,6096,31913,29574,0,0
970,930240,983,65241,55575,12954,41679,20033,0,0
971,931200,33,64990,47565,21599,50639,11638,0,0
972,932160,2037,61828,38216,31250,57984,5148,0,0
973,933120,6813,56041,28374,41037,63051,1148,0,0
974,934080,13931,48151,18926,50076,65382,0,0,0
975,935040,22748,38869,10725,57551,64766,1806,0,0
976,936000,32468,29035,4511,62787,61260,6406,0,0
977,936960,42214,19534,846,65311,55179,13383,0,0
978,937920,51106,11226,61,64896,47072,22107,0,0
979,938880,58341,4860,2226,61578,37672,31791,0,0
980,939840,63266,1010,7147,55658,27826,41561,0,0
981,940800,65436,26,14378,47669,18423,50536,0,0
982,941760,64656,1994,23268,38332,10313,57904,0,0
983,942720,60996,6739,33014,28491,4227,63001,0,0
984,943680,54785,13832,42736,19033,716,65366,0,0
985,944640,46585,22632,51557,10813,95,64786,0,0
986,945600,37136,32345,58680,4572,2421,61313,0,0
987,946560,27290,42095,63462,874,7484,55261,0,0
988,947520,17936,51001,65472,53,14828,47175,0,0
989,948480,9920,58260,64527,2183,23790,37785,0,0
990,949440,3964,63216,60714,7073,33559,27940,0,0
991,950400,606,65421,54375,14280,43256,18527,0,0
992,951360,150,64677,46084,23154,52004,10397,0,0
993,952320,2636,61050,36588,32894,59013,4283,0,0
994,953280,7841,54867,26745,42622,63651,737,0,0
995,954240,15295,46688,17444,51458,65499,81,0,0
996,955200,24325,37249,9523,58606,64390,2372,0,0
997,956160,34115,27404,3699,63419,60425,7405,0,0
998,957120,43783,18040,496,65464,53960,14724,0,0
999,958080,52455,10003,205,64555,45579,23671,0,0
1000,959040,59348,4018,2851,60775,36039,33436,0,0
1001,960000,63841,627,8196,54464,26202,43139,0,0
1002,960960,65527,135,15757,46193,16954,51903,0,0
1003,961920,64254,2586,24853,36707,9131,58938,0,0
1004,962880,60137,7760,34661,26863,3439,63608,0,0
1005,963840,53548,15190,44297,17550,392,65492,0,0
1006,964800,45080,24204,52890,9608,266,64419,0,0
1007,965760,35499,33990,59666,3754,3071,60486,0,0
1008,966720,25670,43664,64011,517,8555,54048,0,0
1009,967680,16479,52353,65535,190,16222,45687,0,0
1010,968640,8757,59272,64098,2801,25382,36156,0,0
1011,969600,3200,63797,59831,8115,35205,26316,0,0
1012,970560,310,65519,53119,15653,44807,17056,0,0
1013,971520,349,64282,44568,24735,53321,9211,0,0
1014,972480,3312,60199,34949,34540,59976,3489,0,0
1015,973440,8933,53637,25131,44183,64174,407,0,0
1016,974400,16704,45188,16000,52795,65535,244,0,0
1017,975360,25924,35616,8380,59597,63935,3015,0,0
1018,976320,35760,25785,2959,63975,59519,8468,0,0
1019,977280,45325,16581,228,65535,52686,16113,0,0
1020,978240,53755,8836,431,64134,44052,25259,0,0
1021,979200,60289,3248,3552,59901,34397,35081,0,0
1022,980160,64338,324,9308,53215,24592,44691,0,0
1023,981120,65535,326,17181,44682,15523,53223,0,0
1024,982080,63772,3254,26458,35071,8007,59906,0,0
1025,983040,59208,8845,36304,25249,2724,64138,0,0
1026,984000,52256,16593,45829,16103,151,65535,0,0
1027,984960,43543,25800,54174,8460,520,63971,0,0
1028,985920,33855,35634,60584,3008,3797,59588,0,0
1029,986880,24067,45208,64482,241,9688,52781,0,0
1030,987840,15062,53657,65514,408,17660,44165,0,0
1031,988800,7653,60219,63589,3494,26994,34516,0,0
1032,989760,2510,64301,58880,9220,36847,24707,0,0
1033,990720,96,65535,51811,17071,46330,15622,0,0
1034,991680,630,63808,43021,26337,54587,8082,0,0
1035,992640,4063,59278,33303,36182,60872,2768,0,0
1036,993600,10086,52352,23534,45717,64618,158,0,0
1037,994560,18155,43656,14596,54081,65487,490,0,0
1038,995520,27542,33974,7297,60520,63400,3733,0,0
1039,996480,37399,24181,2294,64452,58545,9594,0,0
1040,997440,46837,15161,41,65522,51361,17545,0,0
1041,998400,55004,7728,739,63634,42495,26868,0,0
1042,999360,61162,2552,4327,58956,32749,36721,0,0
